100 100

24.59 45.75 38.35 68.89 41.33 42.34 58.07 13.70 45.13 80.59 87.77 90.98 12.68 80.78 6.99 31.60 53.98 29.21 27.94 6.50 12.79 95.05 44.58 83.85 1.23 92.56 26.88 91.84 80.22 34.81 26.01 24.74 23.06 89.05 88.34 43.54 54.30 66.20 87.20 30.55 9.82 34.20 54.07 35.18 34.68 20.85 3.32 45.28 57.20 57.91 12.68 86.76 83.01 71.54 27.54 56.22 36.92 73.64 14.61 11.12 59.23 88.44 8.18 55.15 22.49 73.26 50.71 18.60 50.01 67.55 67.31 55.28 93.78 43.82 99.82 17.19 49.88 83.91 77.50 58.73 61.82 24.14 78.29 51.78 26.36 14.42 77.91 60.59 80.43 51.96 79.16 67.52 45.72 53.62 99.28 76.45 60.90 72.74 37.91 5.42 
28.89 83.33 74.12 60.32 77.31 76.19 48.96 80.19 91.64 11.12 52.68 17.62 17.64 56.72 2.86 48.21 83.78 44.61 14.77 16.54 52.77 7.66 41.98 13.88 63.13 64.07 32.07 42.07 35.28 25.14 9.56 32.74 22.63 62.52 53.90 80.42 21.69 61.20 72.17 95.67 22.68 60.20 25.05 35.32 45.96 10.05 68.95 8.45 37.82 90.02 6.75 85.25 51.89 52.16 86.57 52.64 97.03 57.26 87.93 22.05 49.85 51.68 48.00 14.68 69.93 14.99 66.03 85.83 89.44 36.31 39.06 22.90 8.86 47.11 41.01 4.38 22.35 16.78 46.16 11.92 17.86 82.59 60.58 80.08 61.29 32.15 9.67 50.92 37.04 88.51 5.17 54.46 46.96 35.92 96.76 8.12 96.27 83.68 91.47 32.79 
69.27 55.15 22.33 44.72 42.72 35.27 67.84 81.16 23.24 19.84 33.88 98.42 8.69 90.05 37.05 54.24 12.92 26.45 61.81 8.15 93.18 51.61 33.10 77.99 67.12 85.63 28.89 86.31 76.86 70.39 77.15 7.23 50.51 99.48 71.21 55.12 77.21 93.56 63.34 71.42 71.38 11.75 46.58 85.41 47.01 59.56 12.98 28.07 33.70 55.08 66.39 69.04 39.24 71.49 13.02 79.30 93.05 73.94 43.86 30.86 33.14 54.01 46.11 33.23 88.93 81.81 80.18 57.31 78.46 96.66 99.20 73.48 55.00 98.11 22.77 65.25 35.85 43.11 19.92 20.44 98.58 96.67 19.62 71.73 5.21 39.42 18.80 34.04 20.77 70.29 89.58 26.97 21.75 60.27 49.59 39.71 30.09 42.23 28.61 87.57 
14.07 85.16 29.76 36.05 23.15 72.70 88.77 98.20 12.25 24.09 93.91 47.49 2.75 78.84 46.47 82.01 62.32 78.39 24.94 37.63 2.71 63.28 30.65 45.25 22.87 15.74 93.08 14.23 52.06 43.91 67.74 87.21 11.16 17.50 13.42 91.78 4.96 95.34 33.36 31.04 18.96 59.34 45.81 81.89 98.86 41.17 72.92 9.83 23.72 20.54 71.42 22.81 99.17 31.40 58.88 73.64 27.96 61.97 19.67 62.10 95.98 11.94 61.79 44.92 58.66 30.81 51.15 84.12 61.80 21.47 77.94 0.47 12.21 47.22 3.61 90.03 41.58 18.27 20.38 76.63 0.53 81.50 81.68 38.60 6.41 11.26 23.64 56.94 18.98 23.00 6.98 89.92 27.62 10.18 74.27 94.38 87.43 43.19 98.47 7.04 
4.20 33.36 93.49 32.66 83.08 23.48 25.13 30.42 0.76 98.73 79.99 51.40 6.91 90.77 29.12 43.12 91.09 30.79 40.34 50.24 58.76 40.51 99.20 18.10 38.78 28.49 41.31 17.99 0.28 39.77 59.79 21.32 89.31 3.66 60.42 22.07 97.36 18.85 86.64 89.56 7.36 84.57 50.49 72.76 44.31 57.21 75.01 52.54 98.35 24.88 55.22 58.30 31.53 33.19 44.57 54.32 13.60 1.92 19.27 7.41 32.79 29.12 53.14 91.47 23.68 93.52 52.75 24.25 37.27 64.75 51.81 29.88 40.49 73.36 31.67 73.52 39.28 49.46 33.98 1.18 0.78 48.38 38.92 24.02 45.73 46.35 88.31 39.80 16.65 58.56 92.52 40.25 55.06 40.41 1.78 97.53 80.72 78.09 32.13 42.45 
47.51 37.19 30.52 26.46 94.64 91.57 73.71 63.71 92.03 4.30 20.93 71.53 57.31 32.62 71.91 47.75 80.71 10.23 7.43 15.38 29.81 72.31 1.11 16.71 62.34 16.23 32.02 32.25 88.49 53.08 56.53 21.73 85.85 97.66 23.25 65.66 11.72 14.59 7.27 75.61 94.09 13.05 59.76 16.73 27.19 10.60 18.73 13.42 97.95 1.90 5.97 76.53 65.34 78.43 14.85 77.81 69.71 14.52 8.50 4.07 71.65 90.95 22.27 1.58 97.09 24.30 26.36 67.15 29.13 31.12 71.23 97.68 31.36 32.15 6.49 7.12 34.60 38.96 41.84 91.34 32.73 13.18 98.63 42.40 79.38 44.81 70.25 86.15 47.81 37.96 34.34 16.95 60.94 77.27 43.29 45.41 22.03 83.49 36.28 7.26 
43.35 2.78 16.51 60.50 49.57 45.38 27.16 23.31 23.11 90.05 92.05 48.41 8.63 48.53 56.99 76.13 59.94 81.91 65.15 74.95 17.33 42.97 69.15 41.16 50.38 91.14 55.59 76.77 2.02 59.87 74.57 67.66 35.76 52.27 52.43 40.42 64.28 32.00 93.70 66.31 4.73 6.72 36.40 15.05 55.76 96.99 65.53 46.84 96.77 49.67 25.95 84.11 85.68 47.70 38.02 21.36 31.41 77.27 30.39 89.99 26.98 63.21 43.03 38.36 88.77 84.55 2.43 77.33 29.14 74.36 91.20 65.96 81.61 64.59 12.20 19.21 26.38 15.74 33.15 63.62 4.30 30.53 2.62 7.24 67.01 10.93 1.19 80.93 37.80 64.47 16.22 95.11 36.49 80.10 19.40 33.03 93.51 96.74 74.07 47.79 
35.08 3.08 48.46 65.70 78.02 46.94 43.81 6.66 46.20 30.48 85.87 2.59 48.95 58.35 31.95 31.62 89.88 49.93 50.88 5.30 89.78 99.17 74.46 8.32 69.36 2.38 27.04 69.69 7.82 87.28 62.66 77.50 28.96 52.61 74.82 35.59 45.38 39.93 42.59 72.87 13.27 28.25 95.01 63.45 26.06 23.04 69.52 60.83 22.85 74.69 44.58 49.98 63.53 39.46 39.49 14.56 87.62 82.16 14.15 45.05 93.83 52.26 77.58 22.68 67.69 48.40 80.41 1.40 1.31 71.37 41.08 56.87 6.51 36.72 90.70 50.37 41.76 44.22 36.11 40.74 71.54 95.37 49.06 74.60 67.46 94.54 10.76 10.56 22.34 67.88 60.82 67.30 23.91 66.24 30.69 28.03 52.73 10.45 16.50 93.80 
28.91 74.22 50.02 14.77 82.96 16.20 34.15 95.32 82.60 62.53 28.55 98.78 56.70 22.35 86.18 57.50 42.11 97.91 96.07 81.17 48.22 94.16 93.03 98.92 55.59 61.72 73.71 73.36 25.51 63.42 53.08 60.42 46.40 19.82 40.56 48.50 83.17 14.89 40.05 63.27 43.39 69.12 9.57 75.44 51.12 14.36 21.76 25.46 4.54 25.69 12.55 7.04 78.26 53.58 43.76 26.47 99.25 76.05 92.57 75.17 98.85 7.58 41.26 7.03 78.76 63.29 35.18 13.55 89.43 53.11 92.37 38.33 57.96 31.38 4.86 20.11 90.41 95.99 60.68 84.83 21.83 20.96 59.05 82.90 48.23 14.20 77.95 42.55 4.05 12.60 11.24 32.74 7.02 81.87 43.85 21.33 37.71 10.52 35.45 22.37 
4.11 79.82 74.55 94.29 12.90 87.29 24.37 53.75 73.17 96.49 24.34 18.36 36.16 47.60 86.12 77.19 76.14 19.50 8.57 68.66 4.52 9.38 73.39 91.26 95.58 5.85 42.56 4.19 78.06 8.01 98.78 23.65 30.35 93.83 99.04 39.01 86.53 59.58 10.67 55.00 40.35 32.21 67.17 70.61 87.89 42.65 20.23 31.46 59.37 57.18 32.44 95.37 59.39 4.48 66.48 12.71 63.51 36.69 21.23 69.31 32.07 61.92 46.65 95.85 4.94 63.22 22.09 14.71 33.69 55.40 37.57 5.97 31.51 54.75 32.13 92.37 74.44 41.30 76.26 35.56 47.70 70.36 80.19 23.77 24.13 10.65 70.20 67.08 78.98 43.01 17.57 41.21 84.36 65.30 67.32 91.42 78.23 18.72 83.33 76.83 
30.24 23.48 19.51 25.75 2.82 25.53 12.95 4.39 42.99 69.57 98.08 14.03 51.65 45.66 56.51 37.84 89.35 74.68 15.28 93.11 61.36 55.82 11.62 21.22 91.74 65.49 65.81 44.53 86.11 86.02 97.68 77.58 60.10 89.32 24.12 24.28 21.39 10.86 5.79 96.95 76.77 53.65 75.20 76.20 44.98 41.40 60.34 91.65 7.29 78.88 20.62 41.85 0.29 33.83 68.56 6.77 88.32 26.90 79.61 43.55 85.03 26.50 83.22 28.17 94.53 94.81 38.77 2.81 28.58 54.37 21.27 43.81 81.80 50.64 72.37 54.40 1.08 15.61 97.61 78.75 6.94 70.55 63.83 65.07 28.40 54.19 51.55 16.94 66.73 12.22 90.86 69.25 16.75 30.91 8.48 65.91 5.29 76.23 80.16 74.27 
5.63 62.86 50.65 39.42 59.71 18.51 96.10 94.87 70.72 9.94 97.26 88.57 18.29 60.59 82.60 33.09 75.47 40.48 35.96 24.94 14.99 8.58 28.25 60.33 35.68 14.80 67.42 84.21 56.95 13.67 94.26 67.54 18.52 32.07 11.80 73.43 94.88 42.58 95.62 32.29 3.35 40.95 97.78 16.51 51.86 73.53 87.90 4.68 81.29 50.64 63.73 70.91 35.00 36.54 56.19 38.33 46.16 64.47 80.95 96.77 50.35 58.81 50.33 32.05 18.35 58.36 6.36 66.61 34.16 3.66 95.22 25.45 80.59 9.12 88.82 81.44 30.41 9.36 79.36 74.40 10.35 70.78 16.77 70.31 68.28 75.24 47.96 33.18 17.50 44.03 28.15 6.30 97.06 58.96 33.69 43.39 74.45 49.56 20.10 43.94 
42.19 60.07 45.56 49.60 48.78 6.47 35.81 6.17 98.18 38.77 22.46 27.89 50.41 70.69 49.40 35.04 46.74 26.47 92.17 60.65 20.88 88.53 51.06 93.31 75.29 70.23 51.37 53.15 42.50 45.62 31.99 72.27 20.29 65.59 2.00 66.06 90.38 41.25 49.10 4.04 54.61 25.89 10.02 55.80 49.21 17.03 52.01 76.95 19.66 5.77 36.58 66.70 4.35 46.41 95.64 81.67 53.23 62.90 16.92 99.02 72.32 86.01 10.10 13.64 71.46 11.28 64.92 22.25 99.90 2.05 34.86 60.78 61.39 62.65 35.23 48.20 34.63 78.58 46.02 27.18 67.60 7.65 90.73 59.28 65.84 96.14 58.49 77.69 2.78 32.38 74.44 85.99 83.33 93.07 31.69 77.84 80.94 57.93 77.44 28.99 
53.58 40.65 50.34 21.33 31.23 17.84 78.41 62.51 25.51 71.47 60.78 47.13 92.88 51.26 8.71 5.66 88.22 63.66 10.87 65.05 51.48 18.40 46.24 28.65 29.95 88.81 34.73 38.41 11.67 59.52 46.23 16.13 73.93 28.53 73.85 57.18 62.55 81.78 46.39 93.95 62.22 83.01 30.04 25.59 70.72 52.47 49.52 0.88 21.05 84.38 55.81 60.95 32.42 27.32 18.68 77.44 80.87 14.56 47.96 64.82 82.31 29.30 35.79 71.38 0.98 5.42 78.84 17.56 58.12 5.51 10.32 29.25 40.98 51.30 2.49 91.27 2.05 17.39 42.13 99.19 63.82 92.20 87.50 21.63 16.76 20.59 5.70 14.26 66.43 9.89 87.41 28.77 99.36 18.83 93.80 42.36 27.14 62.25 71.94 69.67 
72.73 17.95 67.42 96.91 80.03 83.68 31.35 35.42 62.18 2.77 71.04 49.25 33.40 2.59 3.02 31.85 62.49 20.57 98.39 70.33 10.36 88.95 56.23 53.20 20.41 67.69 7.51 81.84 25.55 86.15 81.60 78.66 11.44 30.62 90.04 77.35 67.83 79.59 20.12 7.01 83.20 91.33 2.43 74.78 47.82 47.03 71.26 83.84 0.91 28.04 2.30 68.59 16.50 94.06 3.41 68.91 33.80 2.04 20.36 12.54 57.40 17.43 10.62 80.51 49.90 58.08 93.92 44.70 57.71 99.55 41.82 17.24 5.38 32.15 97.51 88.11 61.65 40.38 44.10 25.52 88.20 68.75 43.40 71.98 34.80 43.19 91.87 7.54 53.35 45.43 17.43 28.17 19.76 72.64 10.33 90.84 70.15 78.78 93.11 3.66 
33.41 0.54 83.07 52.78 33.35 76.10 57.92 32.17 92.56 89.50 95.89 64.44 3.18 9.41 12.25 44.20 8.78 30.60 85.67 3.99 98.68 69.39 82.84 92.39 53.74 1.82 8.15 1.42 32.38 30.26 55.18 91.29 13.08 60.63 53.23 14.08 66.61 49.23 87.59 84.35 35.23 50.96 61.76 40.30 60.25 40.13 6.25 44.16 47.04 52.45 15.17 19.73 37.25 96.61 92.71 46.41 91.12 94.50 44.15 90.39 10.47 99.09 91.47 47.71 6.60 90.01 1.21 5.63 22.72 11.72 19.76 55.97 34.84 51.50 45.37 84.57 10.04 98.62 51.56 99.20 87.20 93.36 76.48 19.91 19.32 58.89 31.14 41.32 98.76 89.11 29.21 64.29 86.37 23.95 79.05 95.12 27.37 18.77 51.29 90.76 
46.87 9.02 71.92 76.94 8.74 47.00 93.47 10.11 0.84 81.66 41.71 67.81 21.12 47.43 18.68 14.66 66.66 2.40 9.04 78.74 5.47 6.43 91.59 80.59 54.68 9.75 86.70 70.42 7.28 6.47 35.23 85.53 58.94 44.53 50.96 46.81 73.81 2.59 49.40 61.24 5.94 41.60 83.83 5.78 70.06 43.68 53.12 24.41 40.88 30.59 99.16 0.65 17.12 86.36 0.25 32.23 24.08 40.98 59.64 48.08 17.67 14.82 53.82 96.41 58.16 69.39 58.03 57.07 11.55 18.50 95.84 66.49 15.06 32.77 89.36 95.22 26.54 66.56 42.38 30.86 9.26 58.53 45.39 83.41 22.64 81.12 56.47 76.84 80.98 35.58 11.06 38.01 45.92 25.51 22.01 55.90 93.31 57.49 95.45 98.14 
32.37 90.48 69.68 96.07 19.26 85.10 52.31 58.07 89.93 78.02 82.79 13.19 30.16 55.53 10.98 62.73 76.34 85.12 71.75 12.35 47.84 20.75 37.41 98.06 70.28 22.61 97.57 33.69 28.69 20.17 71.64 83.42 0.51 93.05 0.87 1.84 95.09 8.59 12.87 67.98 87.06 64.84 27.13 39.55 75.12 91.67 39.42 6.31 12.88 50.24 10.54 46.34 90.00 43.25 60.07 60.46 63.32 99.12 5.65 91.01 13.94 94.65 36.62 42.46 50.51 30.11 99.17 22.91 77.63 64.43 40.49 96.17 21.85 35.98 89.57 53.09 51.94 81.31 86.53 76.21 89.01 89.63 34.28 2.76 89.76 26.31 71.76 43.72 62.23 58.32 63.34 9.25 87.81 85.31 13.39 95.58 22.82 55.95 83.21 69.14 
7.22 67.98 30.49 12.72 12.23 93.65 86.56 37.05 41.74 73.38 75.87 89.28 85.42 59.15 30.77 21.92 77.49 49.50 9.52 24.82 0.85 72.11 2.85 51.88 15.89 58.05 61.37 37.52 13.51 38.54 15.66 42.35 12.13 71.51 62.21 68.78 17.63 85.87 59.26 35.15 43.13 42.37 79.53 41.97 71.77 2.98 83.00 40.23 7.61 56.76 29.81 85.27 86.00 68.32 59.69 45.76 69.95 27.19 42.95 38.10 79.10 7.21 22.34 20.50 2.52 77.44 74.61 13.65 15.19 13.69 28.11 88.12 50.31 16.61 17.12 37.33 81.78 42.69 10.33 20.62 89.82 37.08 69.65 62.48 70.18 47.65 74.30 86.97 81.05 46.65 4.69 3.18 70.55 59.14 81.86 91.88 1.70 51.04 7.12 54.07 
97.05 16.80 33.92 30.55 36.91 78.56 33.02 44.35 15.02 91.87 57.67 71.27 77.57 84.31 81.82 50.42 35.74 49.82 95.68 19.38 54.74 22.45 84.57 98.89 70.43 89.54 68.62 47.16 98.41 42.61 5.57 89.87 14.98 79.03 24.93 56.23 27.31 51.73 94.48 65.61 54.81 50.09 51.62 51.61 36.33 18.47 11.80 43.67 88.21 31.14 7.82 51.25 20.53 77.32 54.13 31.57 49.47 98.63 66.86 74.43 38.13 89.51 43.59 60.95 66.50 90.24 22.01 56.65 36.31 75.28 61.40 70.25 67.14 8.29 50.43 2.49 91.71 18.56 29.42 20.32 74.08 20.33 48.70 33.62 7.92 84.98 71.20 39.60 74.22 54.52 20.47 0.78 58.62 95.58 60.27 27.02 32.12 62.09 11.79 14.79 
21.69 18.58 67.77 67.21 7.86 49.76 68.12 52.33 78.40 7.51 56.85 30.63 42.84 78.65 79.09 49.92 54.80 18.10 27.36 41.17 64.26 39.18 99.43 22.11 31.10 93.47 31.72 73.67 7.59 97.47 85.11 85.06 96.80 62.92 34.64 54.45 23.74 63.30 15.77 93.18 75.88 31.78 10.09 41.18 96.84 21.32 71.67 36.35 68.54 59.82 47.17 60.68 23.02 79.32 39.65 77.51 27.80 35.42 43.35 49.16 35.75 28.76 1.98 30.58 23.09 19.12 11.19 36.41 69.09 58.42 73.93 15.36 38.23 0.47 69.22 47.39 86.14 72.78 37.80 48.36 21.59 34.55 3.13 45.37 40.91 79.11 56.57 55.26 70.27 10.96 73.78 1.20 36.63 8.88 45.95 74.68 33.52 52.07 74.76 8.56 
25.91 45.12 93.11 26.37 16.61 40.50 48.16 83.48 87.22 85.46 19.67 46.55 90.93 97.48 86.38 76.59 21.07 39.04 43.30 18.37 46.61 87.79 41.79 23.04 7.06 2.91 30.42 14.86 42.97 56.34 84.80 6.75 77.12 8.22 25.23 51.14 40.85 49.44 90.49 41.41 42.91 42.41 90.81 17.08 1.39 94.65 74.39 51.75 72.87 54.59 60.93 66.67 82.01 90.35 49.44 69.80 34.42 75.80 46.65 73.90 20.37 43.65 83.66 22.27 84.55 23.48 29.36 87.13 78.75 61.53 80.86 33.15 20.41 13.49 85.03 64.23 58.91 19.51 27.82 26.10 38.74 84.56 54.10 76.66 59.91 36.67 67.23 12.61 65.46 61.56 59.14 68.24 68.75 50.69 83.27 5.23 52.67 58.24 63.74 29.89 
38.79 96.70 1.84 85.70 2.70 13.16 25.41 26.20 79.50 87.70 5.55 23.22 40.61 51.98 62.49 3.76 74.07 72.62 65.02 12.08 7.73 76.31 69.83 5.40 77.90 10.37 46.35 67.52 38.19 6.34 35.88 76.08 11.76 87.27 13.92 12.77 21.25 63.05 13.57 45.36 70.32 42.02 56.29 79.39 15.73 10.85 75.22 62.18 88.38 62.11 19.62 19.61 63.55 7.97 8.93 4.24 52.59 53.14 50.56 12.90 67.06 36.43 36.56 10.51 79.83 87.74 25.32 32.67 44.15 36.93 60.46 79.46 16.89 88.26 81.72 26.71 66.59 37.92 93.62 91.77 73.39 42.11 7.52 45.07 48.66 73.03 85.00 64.77 8.87 54.30 75.10 66.27 37.97 97.47 43.22 0.52 64.08 56.69 18.27 38.83 
11.20 62.28 19.86 14.06 25.41 90.58 95.40 25.27 28.09 33.38 87.39 92.30 76.38 36.69 13.53 73.36 39.00 98.12 90.34 12.91 30.33 22.14 72.18 8.85 3.79 44.33 10.47 35.61 36.65 26.95 99.51 81.70 25.26 51.92 38.84 58.22 2.64 66.21 34.03 11.00 21.27 69.33 0.22 28.48 38.72 1.81 83.19 18.70 39.68 28.47 53.54 94.13 76.74 76.87 61.13 81.89 97.94 0.85 68.97 53.97 50.03 7.52 45.21 65.95 75.80 46.91 14.65 55.34 79.11 64.98 47.92 37.02 26.02 46.14 31.99 34.32 2.27 2.71 74.03 84.65 93.60 32.96 18.27 11.63 25.31 4.86 89.60 74.97 88.96 77.60 65.31 94.75 15.99 95.21 51.90 6.05 14.10 20.09 34.57 59.45 
82.42 60.34 66.78 56.91 14.41 16.03 54.05 86.59 57.44 1.96 84.34 46.65 8.50 24.84 27.78 73.83 52.85 52.11 95.14 96.35 46.71 17.57 26.42 77.94 71.24 18.57 61.34 45.37 4.40 29.02 6.63 60.67 4.55 22.57 1.24 61.53 83.04 79.58 32.06 93.42 13.99 66.26 65.54 51.22 79.80 31.54 82.42 93.96 61.04 8.45 54.32 11.14 49.45 57.33 85.06 83.81 70.73 3.12 57.64 70.29 25.36 7.59 74.09 40.06 61.16 81.59 54.18 45.07 21.25 9.32 75.12 59.22 78.52 62.16 82.52 71.06 30.59 61.73 73.79 36.91 75.57 54.05 47.51 52.02 42.02 96.30 53.18 72.38 13.79 94.44 69.12 99.27 90.09 54.56 43.57 79.57 72.23 36.16 50.70 69.85 
92.41 34.67 69.11 41.24 60.69 91.85 67.32 64.02 51.28 68.93 3.36 5.46 32.23 15.57 46.25 41.10 49.52 46.40 84.29 11.62 2.58 95.04 64.74 52.92 99.53 69.12 35.16 77.70 29.40 8.56 64.07 78.21 31.02 77.54 75.94 65.87 53.35 41.23 34.25 70.36 8.10 89.74 16.83 46.69 91.35 68.33 36.90 16.44 14.58 4.54 31.68 65.27 96.23 37.34 27.07 91.33 25.01 66.53 73.65 19.58 30.95 56.26 62.27 95.84 15.87 5.34 26.79 25.83 3.21 37.11 13.38 10.85 23.25 27.97 18.28 10.76 91.64 69.20 18.70 11.72 62.33 55.77 49.99 78.89 32.76 13.06 9.23 83.25 84.36 61.20 46.75 58.71 12.48 74.90 23.89 63.09 48.22 15.60 88.19 77.46 
44.17 64.46 24.82 33.27 3.85 24.21 70.39 10.96 79.79 17.00 37.03 85.26 84.97 60.17 26.15 77.08 30.96 4.95 48.70 41.36 9.73 50.09 32.37 26.49 53.96 89.52 43.71 66.82 14.91 38.58 53.81 28.36 65.62 36.35 76.54 25.67 98.01 71.79 44.75 46.13 95.72 37.81 29.08 24.21 90.73 32.98 66.86 44.17 13.04 19.33 2.18 82.81 70.28 15.75 31.01 96.75 13.58 56.24 97.71 58.22 11.36 25.61 29.48 38.97 30.52 33.65 17.33 19.55 10.78 36.63 81.21 52.42 1.26 48.71 20.49 86.08 71.38 54.19 62.85 57.51 60.81 3.01 6.75 46.32 49.18 11.56 12.49 62.46 82.29 13.47 94.12 96.40 4.23 49.94 90.36 55.60 11.91 38.70 45.85 94.67 
52.99 60.24 62.25 73.72 15.60 19.57 85.67 52.31 78.75 54.45 18.08 63.70 17.24 78.80 58.35 17.08 93.66 63.84 91.57 86.82 78.57 59.50 87.08 25.95 99.06 49.16 4.99 51.50 13.34 87.25 41.90 97.77 81.98 77.35 28.88 32.19 48.36 28.42 6.97 35.74 6.89 34.21 74.94 73.25 47.67 54.84 27.77 31.99 67.21 65.73 87.07 49.15 5.59 18.58 25.38 53.32 44.95 33.72 74.55 94.21 47.13 33.11 44.08 86.15 88.78 4.05 6.00 79.71 63.81 38.09 45.38 41.63 78.36 68.15 61.40 11.68 62.42 5.06 14.90 5.86 52.17 49.24 99.80 75.85 70.93 88.58 79.26 48.68 15.39 84.15 39.17 68.86 24.57 65.27 49.86 62.79 89.98 43.44 25.85 11.46 
29.60 78.24 31.82 7.38 74.11 1.90 63.10 62.13 61.26 99.21 75.99 24.59 37.31 63.91 77.11 30.97 72.78 81.48 68.20 63.50 17.52 76.48 24.55 31.37 8.04 79.29 72.53 81.07 50.46 62.64 37.58 53.43 51.14 90.56 82.38 66.20 88.75 54.43 35.51 44.47 89.32 99.25 10.35 83.24 66.61 24.79 66.55 73.69 89.47 39.15 15.64 13.73 88.11 35.56 24.94 11.56 44.63 75.00 77.79 43.70 15.88 39.88 11.77 79.44 92.77 45.85 16.59 29.80 37.43 78.87 14.58 85.96 5.66 89.40 65.33 33.96 58.82 59.16 46.92 64.09 40.88 7.50 7.85 58.59 26.10 36.73 90.28 34.97 59.77 18.83 93.26 84.64 70.41 28.18 90.50 58.55 68.99 87.27 7.34 44.32 
63.53 11.42 42.61 81.06 21.45 30.19 65.77 25.00 22.79 50.64 72.23 62.63 53.18 57.85 74.42 86.48 47.56 57.07 26.67 2.12 27.56 62.00 34.46 49.50 98.38 33.40 98.92 67.11 21.79 51.06 66.70 65.67 54.65 76.06 51.71 57.10 68.87 42.78 30.88 55.16 49.52 13.49 78.82 62.68 34.97 88.90 70.47 38.19 99.43 69.63 96.54 10.90 74.31 75.89 30.03 72.73 32.96 38.52 67.87 58.19 51.75 98.00 24.65 13.73 81.91 70.79 61.08 6.52 46.26 81.22 23.15 50.73 81.06 56.58 16.47 53.62 51.31 68.20 80.32 60.22 54.23 82.67 87.73 53.60 98.51 34.09 54.73 21.30 79.26 84.26 19.93 25.66 10.99 34.67 24.78 73.96 89.58 49.58 87.04 6.29 
73.29 17.37 90.76 72.95 40.32 46.61 15.72 76.07 31.43 27.32 15.81 44.75 4.51 17.23 55.39 65.27 27.87 31.46 63.83 67.95 49.68 96.62 70.33 1.74 58.39 26.17 22.81 44.29 25.67 76.93 66.84 50.74 93.05 60.11 24.52 47.34 77.30 81.36 91.95 72.46 59.77 89.55 23.55 40.69 6.13 99.22 86.08 69.35 3.97 7.34 14.68 1.40 78.83 53.16 11.80 86.43 65.99 27.46 67.62 5.39 72.66 77.36 24.19 59.91 83.29 32.13 86.56 55.02 2.11 45.07 42.78 82.93 20.92 51.60 74.47 40.78 6.96 95.78 42.93 95.35 26.36 3.29 44.33 65.38 25.81 10.22 41.09 74.78 67.98 62.06 59.45 74.85 2.76 23.11 79.82 88.32 48.18 76.02 28.06 81.60 
34.33 52.88 26.84 14.30 3.98 46.42 12.65 52.74 10.27 47.24 79.96 63.02 14.38 62.70 24.98 81.71 36.52 58.88 1.91 57.82 88.07 99.48 43.82 91.24 38.62 30.88 57.50 11.33 57.57 96.22 20.53 1.50 34.89 69.73 82.14 56.80 66.10 81.14 47.58 32.32 29.54 83.82 87.84 92.90 4.88 83.60 21.30 54.38 38.79 26.17 22.76 97.22 85.31 74.65 30.91 74.23 54.33 72.28 33.58 17.55 16.09 41.57 9.00 23.54 74.84 75.71 91.28 85.26 45.54 17.96 80.18 24.58 63.34 8.20 22.28 7.52 16.68 44.94 16.60 37.85 11.68 39.63 77.96 63.65 72.88 14.07 69.19 13.75 47.83 1.69 7.88 80.66 98.95 20.91 51.85 59.59 73.15 81.70 10.95 98.62 
88.20 56.11 30.95 16.03 39.65 4.44 41.41 2.25 79.51 74.16 27.59 42.22 50.67 65.02 55.63 18.22 86.52 69.84 55.92 57.33 43.09 10.20 33.08 2.12 20.15 8.87 51.79 53.69 21.08 0.94 52.37 50.11 96.02 90.36 28.58 30.31 13.57 39.73 28.89 83.99 57.52 53.36 74.60 62.25 32.05 8.41 76.84 32.37 99.54 40.04 88.91 42.33 89.64 12.26 13.74 85.58 57.57 31.74 34.10 67.74 87.50 93.43 54.57 19.01 30.63 21.14 37.52 61.09 58.97 44.53 66.17 77.34 17.19 43.26 29.25 86.52 32.45 47.29 28.46 87.95 68.00 77.46 51.17 11.85 38.22 49.94 10.87 61.30 47.10 87.57 42.49 6.32 41.29 51.26 0.38 81.46 42.23 40.93 6.97 90.21 
75.66 25.06 9.18 99.60 13.08 8.89 65.63 74.62 97.11 31.94 84.73 83.44 44.76 38.29 3.58 88.61 28.17 98.36 29.94 5.33 28.59 5.04 47.30 30.79 76.54 25.67 8.94 43.24 0.95 26.23 24.83 45.69 55.11 66.11 35.73 92.43 57.61 20.79 54.72 20.03 93.43 26.96 33.09 70.89 1.02 82.04 83.23 46.40 56.97 71.05 91.12 97.81 13.63 29.16 23.23 67.03 26.56 86.43 83.85 49.30 61.21 28.46 60.61 29.80 98.82 0.74 9.41 75.19 91.70 70.95 97.41 52.46 63.61 70.65 52.27 21.94 82.35 1.50 76.95 85.82 23.22 23.61 17.67 65.53 45.00 70.02 2.74 7.64 57.35 15.59 90.69 95.07 92.74 36.65 37.03 54.41 23.55 37.31 89.73 48.80 
28.16 40.96 60.33 51.14 69.92 69.85 37.21 11.81 60.33 27.72 6.64 94.61 66.35 99.06 41.66 73.40 1.55 13.73 16.74 81.94 86.69 18.61 0.03 51.86 92.04 80.00 15.75 55.77 71.37 77.37 69.07 93.15 15.98 52.65 27.54 81.42 62.29 71.65 76.30 15.07 64.02 62.70 16.79 53.72 46.68 73.25 67.55 60.82 65.29 3.33 95.99 22.07 80.40 65.53 18.46 38.53 20.66 70.90 96.93 46.88 67.10 32.70 66.56 86.51 19.83 65.43 3.16 6.74 6.68 88.41 27.72 37.18 36.20 95.79 16.73 92.26 76.31 94.70 93.02 64.93 62.89 20.80 54.13 31.87 34.76 36.07 49.70 66.31 36.68 72.50 72.57 6.29 91.36 24.97 7.89 50.24 46.59 1.47 37.04 6.81 
58.90 39.74 83.75 25.21 20.40 40.77 92.96 90.05 44.68 5.80 32.22 99.99 83.04 86.14 58.50 86.56 73.13 52.02 60.55 77.78 26.58 55.89 6.60 89.79 70.77 50.92 63.98 7.34 76.49 57.54 98.17 2.92 47.85 99.91 74.15 63.98 97.37 23.65 67.48 69.64 64.01 37.64 74.48 36.28 76.22 85.56 18.71 34.90 85.98 26.06 38.21 42.37 26.19 70.27 90.70 75.07 41.27 74.90 87.61 48.20 94.99 24.31 25.39 28.73 75.09 64.69 8.22 99.75 35.58 34.69 3.21 20.63 73.72 59.41 81.27 39.82 21.61 63.02 9.87 78.55 16.27 86.45 83.10 41.33 61.87 20.77 1.97 75.15 1.47 39.94 54.71 86.23 15.48 27.29 71.49 55.13 28.04 40.21 87.24 70.55 
1.51 87.98 12.42 95.92 93.03 86.47 39.51 66.97 23.76 80.85 95.75 1.33 75.66 96.05 69.60 52.96 93.29 33.34 68.58 41.39 28.13 63.25 93.27 39.80 43.51 30.00 89.71 75.83 18.17 20.09 2.77 81.96 31.31 27.26 73.66 60.04 58.02 85.02 68.97 48.94 73.45 57.41 22.85 69.79 77.84 94.05 46.49 93.79 20.04 52.05 24.38 32.79 57.92 74.96 96.49 8.24 90.30 49.65 31.15 97.63 97.77 89.72 81.38 98.11 83.03 8.44 0.95 38.80 0.83 98.96 38.95 96.84 27.98 55.49 50.12 6.67 58.45 1.06 80.01 23.49 62.81 40.97 5.47 82.18 48.06 88.62 18.98 37.02 85.45 12.09 80.73 42.42 76.23 81.04 51.20 64.59 36.19 6.62 3.70 80.45 
98.11 24.53 8.64 44.81 55.93 79.44 98.67 64.80 69.68 89.59 3.76 39.78 0.34 53.62 98.94 28.25 40.95 29.73 55.98 36.91 73.04 16.94 88.86 14.24 18.27 77.69 35.77 69.39 55.36 63.22 23.45 81.21 62.38 35.71 58.73 36.24 45.50 84.53 37.28 89.75 33.90 31.40 62.81 71.85 82.11 56.02 62.88 67.87 68.51 81.31 63.25 77.60 14.30 97.22 58.31 42.97 41.43 39.55 0.81 19.30 20.25 98.50 7.63 64.14 50.14 33.18 78.21 95.02 37.94 13.66 45.94 57.67 19.50 5.49 53.23 4.99 35.07 15.52 71.67 35.27 19.34 86.65 30.70 91.84 89.03 27.97 57.56 52.00 39.47 40.03 18.24 34.23 30.69 89.18 65.39 25.91 28.93 31.28 3.76 0.87 
44.85 82.08 84.27 49.48 70.67 45.89 70.30 20.86 5.37 19.11 97.24 80.44 77.79 83.17 16.57 60.13 45.09 90.76 73.91 51.48 4.14 10.70 66.87 61.14 93.46 34.88 32.53 55.93 17.33 22.71 52.04 1.18 75.86 90.38 60.78 54.74 81.84 21.83 87.31 89.03 7.07 67.51 27.95 1.51 5.63 90.67 59.24 11.48 16.76 26.79 38.46 60.03 90.46 47.82 83.46 3.75 73.62 19.34 92.91 8.32 73.86 25.68 28.66 37.32 68.88 59.70 5.43 98.68 82.49 56.02 29.07 9.25 73.84 77.20 82.33 59.23 80.03 91.90 3.87 27.73 95.20 47.69 40.94 2.55 55.99 78.98 52.20 69.24 72.98 31.35 40.59 69.20 31.21 1.18 48.56 99.73 84.97 28.94 42.99 14.08 
0.40 76.78 89.13 52.16 11.05 29.15 81.60 6.60 90.41 70.18 14.82 76.29 23.02 20.99 41.13 53.28 91.83 34.30 28.12 44.45 28.57 4.37 9.70 43.00 20.63 66.78 59.08 8.22 25.43 50.52 2.43 71.89 89.77 44.50 26.91 40.06 15.12 29.41 48.39 70.81 25.14 57.74 10.11 88.35 83.80 21.93 22.54 31.41 71.88 8.77 49.00 95.98 13.65 26.88 91.69 75.78 73.82 44.74 75.95 87.66 57.56 46.82 93.47 47.38 72.86 2.76 77.44 25.29 75.66 66.01 46.43 82.25 29.22 79.85 79.05 59.10 96.17 90.04 32.66 49.82 50.64 79.94 19.43 53.34 49.28 23.09 14.55 19.43 14.02 9.14 28.91 45.56 50.72 17.01 27.23 95.51 58.88 50.86 55.21 54.60 
37.45 82.62 17.53 8.93 7.31 18.41 50.80 18.67 10.70 81.44 18.73 52.76 12.10 78.74 48.46 90.88 29.38 62.30 32.01 64.98 83.96 2.77 10.72 0.67 58.74 31.89 19.20 35.30 94.33 78.09 28.92 85.65 98.20 98.91 89.40 9.40 96.94 21.27 26.33 52.69 79.48 39.71 58.95 90.05 27.35 49.60 66.44 89.95 3.61 91.54 54.68 1.22 31.59 7.26 3.45 70.52 38.34 78.67 89.08 3.87 74.89 99.44 98.31 51.78 45.06 55.98 14.91 86.08 88.19 52.67 71.92 33.48 58.80 86.49 6.84 0.98 30.63 3.74 53.10 97.46 81.79 36.33 70.90 9.75 94.85 77.17 45.42 59.20 12.55 71.04 19.80 48.78 88.69 23.63 1.68 72.34 24.62 5.66 53.46 15.28 
39.08 56.01 12.28 49.76 28.98 16.48 16.51 62.67 61.44 1.05 71.18 66.46 23.80 8.82 43.65 3.69 80.08 80.81 92.63 93.82 91.27 84.74 47.88 72.08 86.15 55.63 7.76 57.74 48.09 88.62 34.19 67.56 28.84 52.76 60.58 67.70 2.74 86.73 95.83 46.77 34.13 40.40 1.75 67.89 95.45 43.88 20.35 5.46 85.91 80.65 40.91 38.89 86.89 99.88 44.49 73.17 24.91 79.73 52.09 22.05 58.45 85.40 7.13 79.44 74.57 7.34 58.66 22.38 0.33 76.86 31.15 57.61 73.58 34.95 84.65 38.95 81.29 75.55 43.28 58.17 51.45 8.44 28.12 43.70 29.47 21.49 60.69 77.08 37.13 56.73 65.70 57.66 30.31 89.93 3.53 71.89 39.53 27.53 43.35 66.93 
15.60 81.40 81.58 32.11 31.33 2.52 8.07 97.35 76.95 48.69 58.35 30.09 75.23 57.69 97.41 12.35 98.22 71.17 99.67 56.23 26.00 21.37 34.71 31.39 89.47 67.21 68.47 83.62 80.22 5.87 54.10 2.62 8.00 2.09 57.64 88.19 25.98 25.84 15.21 72.18 77.03 63.22 82.01 60.09 76.96 1.87 76.47 10.77 38.02 18.23 0.92 55.47 34.80 56.64 28.62 43.84 87.41 25.83 69.68 66.47 22.75 1.61 35.06 79.71 96.44 16.12 63.60 76.78 31.94 26.62 49.60 97.44 31.73 40.45 7.17 98.37 88.40 14.48 43.23 33.91 78.77 14.13 15.58 97.17 36.88 89.19 80.36 48.03 89.19 82.73 14.92 9.05 9.91 23.49 82.79 72.31 45.53 51.50 29.27 6.11 
25.41 88.38 23.14 24.98 78.79 25.54 20.34 8.87 48.75 3.88 70.66 98.83 85.40 72.05 38.01 22.96 93.64 76.00 76.41 54.24 31.23 66.55 9.06 76.72 1.52 74.58 28.44 66.94 50.53 95.88 17.70 37.64 91.54 41.27 98.06 26.31 64.39 53.51 62.06 22.69 76.09 46.76 14.12 5.73 27.55 56.10 9.02 33.20 61.73 33.33 94.47 67.13 11.81 67.95 79.76 88.42 90.51 15.25 55.82 39.59 48.21 96.60 37.26 56.01 33.77 31.45 74.55 44.93 15.00 55.97 74.19 70.88 26.69 93.97 50.61 37.83 73.07 59.45 17.81 55.36 71.53 37.66 80.70 73.63 14.86 62.01 69.40 92.51 89.74 20.32 38.86 42.44 18.02 57.64 16.03 5.89 13.97 33.73 25.24 14.86 
0.92 3.81 17.41 79.59 18.76 40.51 54.51 11.02 81.27 44.51 33.83 17.25 66.11 86.46 41.45 37.94 15.75 32.30 82.10 8.41 20.73 24.81 89.42 31.38 27.31 2.02 22.08 63.22 69.88 78.74 92.83 83.83 60.43 16.82 15.69 19.77 17.52 29.94 85.48 22.45 38.82 18.84 26.52 52.25 11.11 72.24 11.69 32.82 88.26 81.03 51.38 73.33 76.71 10.10 23.36 33.47 2.01 29.44 92.10 0.48 64.39 60.05 22.42 4.25 40.68 13.96 88.83 97.39 15.36 4.45 64.52 34.13 78.28 55.58 69.10 18.29 17.41 11.92 9.28 17.17 17.15 99.54 48.39 52.89 48.77 15.19 28.18 65.09 86.89 74.11 8.94 44.89 2.81 56.71 16.55 46.47 67.92 73.70 4.64 52.25 
3.93 86.32 43.81 21.33 74.32 85.98 87.95 14.95 22.25 29.37 60.21 68.95 91.31 9.53 41.05 0.55 84.83 96.96 38.56 76.50 97.30 99.99 2.76 21.90 57.23 47.30 86.74 63.49 98.87 13.21 49.74 1.58 16.79 63.23 54.15 62.27 71.26 92.92 71.59 54.66 90.59 25.30 87.26 61.11 18.60 84.81 84.09 26.10 91.41 49.24 57.59 27.58 9.87 46.68 79.03 81.90 24.23 86.68 45.38 53.56 55.11 86.22 90.07 2.22 78.12 5.76 72.62 21.52 17.61 44.75 42.29 50.13 62.28 69.46 95.33 47.45 48.19 47.94 13.43 59.23 34.86 24.57 28.12 5.75 82.13 7.13 63.74 36.08 14.18 98.22 97.85 11.99 14.77 64.30 24.88 66.57 6.48 39.29 88.66 36.55 
42.20 70.63 66.73 10.43 53.33 55.96 50.34 0.76 52.14 91.17 35.53 23.39 93.55 35.04 46.15 82.21 68.41 86.70 43.67 35.21 94.48 71.14 20.49 7.45 58.61 85.28 21.52 31.97 90.29 26.93 81.39 83.61 15.77 12.79 28.44 21.24 22.46 63.04 84.39 90.08 57.48 19.53 99.66 7.02 31.76 54.78 78.21 17.45 88.79 52.20 76.87 61.78 73.22 62.06 77.09 82.10 83.80 45.32 17.52 90.95 58.52 29.78 54.59 18.58 17.92 5.73 24.15 19.09 74.43 72.83 80.67 99.83 99.10 69.53 42.85 36.65 14.35 8.29 77.45 63.01 70.21 99.87 14.86 20.71 5.03 36.54 55.40 47.78 25.54 73.89 45.25 6.72 61.21 50.38 97.95 80.31 77.84 81.77 14.09 47.16 
91.77 80.18 72.22 41.78 48.87 4.58 88.75 67.98 72.59 90.93 39.57 33.05 48.33 1.82 68.04 89.11 97.62 83.48 30.25 1.30 84.37 29.79 25.54 3.71 9.45 67.48 85.13 19.77 7.62 57.93 95.50 44.51 41.78 96.88 83.68 22.92 19.62 73.38 30.37 20.65 25.00 88.34 94.99 46.48 93.02 5.25 55.72 74.61 88.22 48.92 52.00 73.83 27.37 51.92 68.66 85.65 3.31 64.56 44.44 26.54 14.21 65.03 40.23 73.72 98.14 58.77 30.20 3.87 75.04 56.50 61.54 16.52 6.95 78.95 65.21 99.15 9.97 33.46 18.66 25.69 44.30 84.84 86.76 0.92 87.85 59.24 98.10 47.68 15.01 9.14 68.23 4.56 87.42 21.13 3.11 68.36 15.73 35.09 8.28 45.18 
90.24 82.42 70.53 2.67 3.91 85.15 72.42 95.12 29.27 3.53 10.02 67.55 89.65 84.73 75.53 33.75 70.19 16.56 54.38 16.64 26.84 61.94 0.81 67.13 7.74 13.47 58.63 17.22 65.26 76.10 76.98 16.54 16.32 33.96 83.88 90.55 92.92 78.35 48.47 27.23 25.89 11.87 61.48 49.50 10.53 98.43 78.42 4.90 56.03 72.78 22.28 74.69 34.04 60.66 92.08 58.78 74.96 29.81 51.45 26.59 77.40 68.01 84.99 61.99 48.94 78.25 92.30 13.03 11.99 37.33 8.82 81.66 79.71 54.77 67.25 90.06 96.21 46.16 29.43 73.12 76.18 27.85 6.61 48.15 8.60 73.13 80.42 92.80 89.45 55.13 88.71 12.43 72.37 59.85 6.21 23.28 91.23 71.03 82.91 29.25 
67.08 53.12 96.99 3.94 34.30 7.69 4.52 47.55 35.79 80.66 15.73 24.78 94.10 59.60 72.83 8.30 69.91 16.69 31.76 44.21 21.06 92.79 46.26 23.59 57.80 26.50 56.68 78.30 32.40 45.29 98.85 37.04 62.65 81.02 83.72 52.44 19.45 94.19 4.11 92.72 69.90 78.50 93.13 68.04 37.74 55.05 34.91 69.38 37.42 99.69 22.69 79.92 40.21 49.88 4.24 70.99 90.56 7.60 20.42 75.78 62.75 71.38 96.66 81.19 5.03 7.15 44.16 25.35 40.16 86.19 75.40 58.89 92.08 60.30 19.60 68.36 21.31 89.99 99.27 4.07 20.51 81.36 66.30 54.35 62.96 86.50 25.90 19.58 76.59 18.87 74.70 14.09 48.01 65.84 67.47 25.43 20.20 98.73 5.75 87.43 
97.67 35.23 79.81 57.43 99.28 61.17 7.06 2.23 31.79 70.84 67.28 19.31 54.98 98.23 2.49 11.68 84.61 54.15 82.67 16.58 7.11 64.22 85.40 60.98 80.03 23.35 22.70 49.92 51.43 6.45 18.95 27.82 34.42 91.93 48.25 80.58 87.96 50.11 51.33 78.05 66.58 79.41 79.88 63.82 57.08 87.59 95.75 22.23 94.23 75.35 88.96 67.09 57.44 14.56 65.41 75.70 2.13 6.31 27.24 53.30 68.14 62.76 98.46 41.50 22.61 36.55 15.17 93.94 12.31 6.00 61.58 51.30 73.87 15.43 60.11 84.24 51.66 28.20 78.12 98.57 15.70 71.35 9.87 38.21 62.59 25.54 21.38 31.92 99.49 85.74 8.43 56.98 48.57 38.68 46.32 72.51 55.03 23.45 67.48 21.01 
56.98 84.34 29.13 40.08 55.69 14.65 94.03 44.09 70.96 63.79 98.92 97.48 78.27 24.52 60.59 2.31 76.78 45.28 80.16 76.63 83.13 20.38 68.80 75.90 51.74 77.41 24.64 69.12 71.35 26.81 28.46 19.55 59.27 42.55 7.67 58.97 53.89 27.04 12.11 90.01 65.88 62.91 62.82 0.16 15.62 50.04 50.39 7.00 67.79 71.56 72.66 80.28 68.93 58.17 24.65 47.15 82.50 27.71 67.82 56.24 92.51 38.21 36.06 6.73 52.38 18.70 64.67 60.16 56.94 22.65 35.30 32.51 21.64 75.79 70.66 9.96 74.61 69.87 53.34 30.84 1.67 28.36 26.94 34.92 44.23 49.45 29.31 17.02 39.32 51.19 83.06 56.65 67.86 51.48 4.21 5.47 38.77 45.19 68.46 34.62 
63.81 91.75 72.89 79.95 63.01 66.68 31.16 43.22 42.63 13.29 66.32 53.92 93.19 60.61 49.73 18.12 18.89 34.71 33.96 12.79 59.12 80.90 50.93 30.21 64.73 29.05 19.42 48.08 20.87 37.86 43.40 86.37 93.33 74.70 11.86 6.66 53.61 46.37 45.98 50.48 39.59 17.91 61.21 86.82 37.89 78.69 52.86 46.03 88.06 86.90 85.89 84.24 2.34 27.45 51.50 79.23 56.50 85.35 56.69 62.46 82.32 16.32 65.78 16.52 81.79 64.36 9.94 36.52 10.64 89.83 31.05 22.79 68.95 57.50 3.53 48.62 79.91 17.02 66.18 23.11 42.73 14.58 58.63 9.93 37.81 29.75 44.38 43.86 55.84 11.90 21.39 25.94 26.49 46.17 12.12 83.01 21.97 12.35 45.75 73.85 
39.67 46.75 14.88 16.71 27.25 41.04 20.69 70.23 99.89 95.36 66.57 55.38 15.92 65.95 63.98 51.63 64.21 7.73 34.80 59.17 52.57 26.92 79.32 96.30 66.40 79.17 57.86 92.11 72.81 87.03 62.56 60.73 78.99 56.28 22.29 86.24 0.46 72.52 5.15 57.21 41.77 45.78 64.75 8.44 26.38 29.16 9.52 55.30 33.08 46.24 88.52 80.88 93.96 62.37 54.50 27.55 46.13 93.42 65.70 81.11 81.07 57.16 58.98 35.74 57.95 99.89 19.62 52.57 74.40 66.47 51.55 13.29 64.89 95.66 92.98 73.51 6.60 70.48 14.43 70.35 90.64 57.46 16.59 79.65 67.37 6.97 86.60 46.88 66.20 40.08 94.15 12.42 85.22 75.65 69.51 97.86 47.94 31.38 33.23 44.59 
59.70 2.72 41.91 11.89 58.56 5.56 8.52 44.65 43.26 98.55 27.33 66.45 2.48 75.80 27.75 38.67 88.75 84.98 30.51 72.41 78.04 42.81 90.43 39.18 76.84 36.06 72.22 10.19 25.91 55.19 16.48 12.61 70.00 45.55 39.15 6.38 46.68 0.29 2.08 21.97 20.09 34.40 63.40 54.98 80.37 72.72 47.02 82.60 39.15 83.50 74.88 41.49 13.61 96.62 24.29 27.69 9.72 39.52 66.50 34.50 44.90 53.99 88.33 20.49 14.19 38.95 12.58 11.01 51.11 57.94 41.76 19.69 93.67 73.30 84.78 49.82 48.59 95.97 4.20 62.20 83.93 87.16 17.09 64.20 45.94 80.42 81.46 70.12 36.38 79.86 52.36 31.88 20.43 38.56 30.36 82.04 6.62 60.23 59.04 92.83 
19.29 79.23 11.17 84.25 68.46 90.22 60.87 14.20 6.89 71.51 36.65 90.45 57.66 36.60 74.84 65.45 7.99 64.12 7.29 73.45 51.78 31.80 9.89 72.86 7.95 0.15 67.18 6.57 43.97 38.26 77.54 84.42 21.29 73.91 59.33 21.17 3.16 57.42 0.23 94.84 19.10 24.10 96.26 72.37 58.04 13.53 69.85 86.46 2.41 35.38 27.48 64.38 66.18 86.72 29.25 72.40 83.44 28.93 50.50 89.57 85.26 93.33 65.82 63.39 29.90 79.89 14.78 60.95 3.41 16.74 89.75 61.40 12.72 32.86 53.57 13.31 30.53 22.73 93.59 94.88 12.44 46.61 96.56 18.94 7.36 68.33 88.50 45.08 20.47 84.86 66.07 63.19 61.38 92.42 28.28 21.60 54.21 78.67 28.18 53.50 
3.51 69.63 50.15 49.98 75.25 96.22 11.82 18.32 26.22 4.92 91.69 52.28 47.78 15.68 2.04 60.35 36.88 40.87 71.28 45.26 50.20 4.02 36.07 93.23 42.24 90.92 36.61 37.29 84.38 36.22 8.72 76.74 80.18 49.00 0.70 23.49 48.29 1.13 35.03 38.26 78.18 46.43 33.93 81.16 12.87 24.82 48.23 30.41 92.71 1.18 68.48 73.55 75.71 62.14 35.85 4.73 92.84 54.14 49.01 39.75 34.29 41.41 13.21 30.20 17.50 48.10 43.17 0.75 30.66 24.38 7.15 8.12 93.84 77.65 2.33 82.27 51.84 51.63 88.28 59.65 7.57 94.24 77.60 3.86 99.50 29.68 11.97 23.38 4.20 33.88 77.99 2.98 31.24 39.15 58.81 76.17 7.07 49.69 69.02 90.44 
42.74 92.78 76.76 9.71 13.34 40.59 16.62 79.20 87.15 72.12 76.59 92.99 58.16 80.65 67.22 24.25 0.82 77.11 21.90 73.10 37.16 76.16 99.38 31.41 70.58 91.88 98.56 72.85 53.78 76.72 24.62 95.21 21.99 26.94 59.76 32.02 65.18 38.96 66.95 93.88 66.09 31.79 75.52 89.64 48.73 79.84 6.38 67.19 27.07 83.91 95.65 97.08 14.68 23.47 38.69 10.92 19.65 43.55 92.31 61.87 0.66 39.72 94.28 2.02 27.90 90.09 17.68 66.51 85.00 16.57 44.34 30.36 34.46 99.34 6.92 81.08 80.89 95.50 2.89 18.59 83.29 15.36 40.54 19.50 52.47 84.71 78.93 80.43 17.49 23.19 8.00 10.88 53.50 86.33 65.27 43.11 37.75 31.51 49.43 20.66 
2.95 63.03 93.20 74.53 21.70 80.26 9.16 21.68 50.60 61.29 38.74 43.88 86.44 17.99 25.85 78.95 26.86 98.22 66.09 18.49 92.81 16.20 2.15 8.30 94.72 38.38 35.92 59.31 52.42 27.05 26.26 13.35 0.67 79.60 59.02 60.75 13.09 38.68 35.70 31.04 67.44 30.70 16.29 52.54 65.68 18.16 76.68 33.66 21.52 95.27 59.99 91.70 64.72 77.96 10.94 42.58 61.47 46.07 72.89 96.29 87.60 19.47 0.91 54.65 85.62 33.04 0.08 88.95 45.02 36.25 87.23 7.57 98.55 51.91 42.02 38.47 31.40 76.10 4.16 57.42 8.80 94.48 84.73 75.32 42.77 42.16 95.41 9.83 39.06 42.53 28.93 56.02 50.02 38.13 33.40 73.28 73.40 5.76 15.29 54.60 
6.38 49.08 9.17 86.51 41.65 13.86 77.43 48.11 42.07 15.25 59.88 4.69 7.00 58.77 90.42 13.45 9.12 61.00 11.99 51.25 24.68 78.72 86.91 47.92 35.16 46.33 63.19 64.99 42.27 33.77 15.50 40.00 47.96 23.63 36.17 1.05 8.07 4.06 91.68 26.89 75.64 58.33 1.36 70.22 16.59 1.44 36.56 94.10 87.56 10.43 50.84 32.64 34.80 39.29 86.05 16.09 45.58 27.35 75.75 99.96 45.13 83.03 33.27 6.80 0.80 58.04 76.20 79.76 42.71 68.15 49.37 11.79 45.92 68.08 45.11 21.80 35.18 98.39 85.36 65.93 51.53 41.73 19.33 4.43 34.16 29.01 48.34 35.21 38.03 15.38 90.42 55.78 15.08 76.46 98.11 16.54 61.17 74.01 57.61 37.20 
28.93 51.07 20.35 99.68 56.19 37.56 83.99 70.39 14.64 65.31 28.93 54.67 99.21 22.89 53.85 30.76 68.63 4.68 14.78 79.76 52.26 10.02 65.67 94.28 88.33 7.77 63.06 76.19 16.44 91.07 49.65 13.61 44.74 36.99 69.26 3.51 71.98 24.64 7.14 16.16 79.66 21.48 36.41 53.52 61.77 93.03 41.26 24.63 88.38 77.13 4.18 99.91 52.80 81.51 8.29 9.56 91.56 36.56 45.12 66.24 25.60 67.93 35.95 25.46 77.63 36.01 64.02 15.81 11.15 44.80 21.66 51.38 55.96 33.82 48.58 16.31 82.80 97.27 51.55 94.95 45.54 61.27 83.99 93.31 41.44 35.54 98.63 43.01 18.25 35.39 20.15 61.65 58.00 35.66 93.10 9.65 27.81 20.53 69.42 59.28 
39.40 85.58 70.71 59.60 48.43 39.25 70.31 74.90 29.90 38.95 59.47 32.03 39.71 18.49 90.08 45.96 22.21 99.75 65.75 4.94 90.65 37.95 64.36 0.34 71.19 38.51 84.77 58.42 78.83 92.25 69.36 86.13 15.13 6.36 12.55 2.66 37.70 98.76 2.14 29.49 71.96 70.23 81.16 6.58 60.51 70.48 96.76 20.78 11.26 77.54 41.52 96.91 23.34 68.63 57.56 78.38 82.36 3.28 31.59 99.99 57.46 15.42 35.83 51.01 63.58 18.24 81.11 4.80 42.49 31.76 15.01 21.56 11.25 41.61 8.59 23.35 23.38 93.70 89.09 9.01 69.70 77.27 27.30 53.17 47.04 98.87 52.64 39.33 45.31 85.82 17.75 63.32 69.87 33.56 14.24 2.86 17.03 71.46 35.20 23.32 
5.48 9.89 58.39 5.51 57.35 79.28 0.04 17.54 60.65 82.71 7.26 19.14 38.02 49.21 42.86 21.01 7.55 75.82 83.77 47.96 43.69 74.97 26.10 84.95 85.88 52.03 36.70 90.86 64.49 15.47 71.75 57.47 36.88 34.31 63.69 94.63 26.20 25.41 16.89 41.61 46.29 32.95 3.14 32.44 1.81 88.68 16.54 43.81 73.60 23.13 45.00 91.12 94.39 97.39 7.43 22.44 14.13 50.87 51.45 59.41 36.42 67.76 29.80 35.36 13.43 8.10 64.73 95.28 18.49 31.44 10.01 20.78 19.83 87.33 82.34 16.74 70.09 77.94 58.83 41.32 2.10 53.52 68.57 18.22 4.80 26.74 70.28 28.50 60.90 84.17 27.77 20.36 62.59 9.54 95.38 97.21 66.55 96.16 28.75 15.07 
10.90 34.58 65.99 30.41 62.60 73.09 50.68 56.82 46.97 33.36 58.38 70.31 13.53 42.10 37.61 83.78 4.12 80.73 41.65 11.83 82.84 95.21 59.96 21.98 5.66 10.73 45.27 85.14 18.02 9.71 76.40 74.78 50.90 93.99 26.39 16.80 91.54 66.59 9.65 33.97 51.70 2.25 73.13 7.31 35.56 2.70 52.17 96.60 87.57 45.89 46.34 76.24 88.88 34.47 97.33 78.42 39.76 93.33 20.80 68.96 59.53 80.53 17.73 36.82 10.66 12.92 18.72 52.87 68.21 40.64 17.51 96.22 19.90 78.47 86.47 77.72 60.76 40.06 2.53 71.96 3.86 56.88 49.37 30.51 10.62 27.13 27.95 7.59 29.35 38.52 65.54 78.79 23.88 55.40 67.18 39.73 37.56 19.93 97.14 58.76 
53.63 22.30 90.42 65.72 12.76 26.38 88.29 16.97 80.19 72.43 62.55 90.86 17.07 20.56 50.51 39.73 0.80 92.65 85.90 68.37 99.81 24.94 92.10 21.09 56.00 71.10 31.68 93.49 47.80 1.25 11.18 56.54 35.63 18.83 95.60 98.28 20.48 41.45 81.59 23.07 89.81 98.69 31.63 24.74 64.41 10.63 59.86 48.78 63.01 95.54 58.37 57.80 2.20 12.99 81.26 88.60 95.86 54.74 88.56 36.88 99.29 71.55 87.50 4.45 51.86 40.22 31.07 30.34 85.32 32.84 75.70 69.37 68.05 16.72 19.04 24.14 30.98 97.92 21.11 95.43 72.90 5.58 28.66 89.95 7.89 3.25 44.11 45.24 95.44 12.25 22.74 5.86 9.68 75.28 49.67 68.80 63.64 0.01 25.79 38.88 
62.42 64.58 28.25 28.73 27.77 11.31 65.45 3.11 58.24 58.45 84.04 98.47 57.48 44.64 25.50 91.13 64.84 85.18 86.87 55.40 58.35 6.79 45.56 89.85 68.71 31.28 98.25 8.41 73.90 61.01 16.38 41.73 15.15 91.78 96.16 91.24 30.37 47.58 22.44 79.25 8.03 65.17 80.58 73.19 35.29 23.72 28.00 81.77 21.04 65.87 44.86 7.36 22.80 99.43 29.20 4.34 71.89 68.74 60.78 84.61 19.89 36.55 27.60 28.57 15.80 25.87 9.06 46.07 99.54 24.14 54.52 50.44 6.36 69.16 83.47 12.91 34.16 47.13 63.55 66.01 80.01 97.75 56.10 1.70 29.99 91.07 59.92 30.65 25.60 23.56 19.70 43.65 8.63 98.81 47.81 13.65 49.44 51.58 12.23 22.50 
19.48 18.59 90.59 26.96 44.74 94.20 71.03 51.74 66.85 93.32 33.11 98.19 77.09 74.41 61.07 38.65 39.63 0.42 53.01 13.15 37.89 77.79 75.61 53.29 49.51 78.74 10.79 52.12 3.20 62.68 36.40 2.00 77.04 98.43 28.84 97.64 16.64 88.66 15.38 53.56 4.87 42.94 55.39 37.36 72.04 13.96 96.40 47.05 87.95 2.59 63.55 55.25 89.24 89.31 20.44 40.19 17.32 95.32 85.16 62.23 35.93 31.51 18.31 0.11 65.07 78.37 4.11 49.01 62.90 78.38 90.79 95.79 69.64 57.91 54.33 78.25 12.29 24.09 1.67 69.42 89.55 20.11 58.36 72.83 3.89 14.61 73.36 34.09 23.93 25.81 39.27 85.27 34.73 75.20 60.67 84.95 91.88 54.67 61.55 21.38 
50.24 79.06 59.68 14.60 25.15 37.23 48.14 38.93 59.72 45.68 27.31 74.63 84.98 38.23 21.29 7.13 55.31 12.03 20.53 81.65 68.22 30.20 91.27 12.36 7.50 80.69 14.54 4.56 41.83 60.90 99.87 47.88 33.47 10.24 54.58 86.66 16.96 22.42 17.53 94.54 98.39 88.78 37.01 79.62 15.65 58.51 60.49 84.78 66.86 58.97 50.99 69.00 9.58 45.66 22.10 77.12 64.19 46.25 17.84 58.67 14.07 13.69 87.22 21.56 92.55 82.46 87.80 72.65 16.00 85.52 97.98 91.46 36.62 54.01 23.58 54.32 81.25 40.87 22.80 70.88 79.35 56.12 16.21 33.85 97.67 65.85 21.41 63.26 67.92 12.99 84.88 64.29 90.00 18.03 53.24 71.19 71.54 50.14 65.88 80.33 
36.62 26.12 1.83 30.32 27.37 78.09 83.63 32.09 12.81 51.31 31.54 62.55 9.37 3.93 27.15 58.07 34.25 39.27 53.16 0.96 4.37 48.50 7.35 11.82 54.13 19.05 7.87 72.63 61.79 54.01 79.26 93.07 10.87 53.09 48.59 77.91 82.97 7.04 38.42 99.93 61.55 5.57 7.46 30.00 26.07 17.98 44.29 33.80 38.99 73.81 98.95 84.33 4.76 33.63 4.84 67.81 30.03 97.97 70.85 20.92 95.95 12.26 31.70 23.12 40.99 6.53 1.90 20.60 43.95 42.44 10.00 10.33 73.94 64.70 47.21 31.94 32.74 85.84 29.68 4.41 57.88 89.46 77.86 24.84 88.41 86.14 55.84 58.49 62.83 44.06 93.48 56.49 93.78 98.80 2.39 46.46 73.26 33.82 70.99 25.17 
56.76 35.71 70.46 79.38 79.80 20.07 94.93 11.84 74.13 30.90 93.80 92.31 22.38 82.06 1.90 70.52 38.88 28.47 74.73 59.00 29.27 63.83 34.98 57.68 80.65 62.85 99.85 21.93 58.60 31.23 50.08 76.85 33.87 16.12 85.83 99.72 53.67 53.70 74.70 11.50 98.07 89.03 98.08 99.37 15.60 19.09 75.49 98.42 69.31 36.60 62.24 31.29 14.22 64.67 85.05 7.64 20.89 5.12 72.50 46.16 63.56 56.80 68.75 17.61 91.42 41.58 51.35 30.61 20.33 14.64 88.61 22.16 96.20 67.57 97.17 70.51 20.22 91.99 13.51 43.29 72.25 70.34 58.63 14.50 92.33 29.57 56.40 86.72 11.31 59.26 80.81 21.43 68.26 98.53 52.76 57.77 56.57 11.87 87.53 12.49 
69.53 52.99 54.00 76.24 58.15 77.65 64.16 80.40 35.76 93.88 9.53 42.43 38.05 95.81 73.52 52.32 91.42 72.45 12.30 91.00 34.39 15.25 12.64 53.54 44.72 2.77 87.48 4.91 55.69 59.60 20.78 89.94 65.59 72.25 56.70 12.35 41.43 67.21 49.65 61.55 0.54 44.03 55.45 49.57 75.10 68.21 85.65 38.71 80.18 33.35 9.75 33.17 12.49 40.20 1.97 47.49 39.01 59.65 6.20 59.75 66.99 4.55 38.78 97.14 77.63 12.32 33.37 20.70 47.87 91.99 22.72 23.81 93.03 63.95 65.83 63.77 49.73 49.68 84.49 39.85 78.21 56.50 77.73 2.43 76.56 96.75 94.24 16.23 21.76 65.13 43.28 37.94 18.34 97.61 38.58 13.33 73.24 44.09 70.60 71.38 
10.28 72.31 37.97 93.92 85.60 29.02 99.32 20.54 45.11 66.46 2.95 57.92 88.88 89.06 54.55 83.02 89.29 37.65 85.29 30.21 90.10 6.57 9.95 72.82 12.69 1.28 41.70 84.50 6.60 33.26 54.94 33.64 21.29 50.09 37.22 11.93 47.35 33.61 19.84 19.25 62.22 53.42 51.90 22.15 66.25 53.60 53.08 81.32 12.84 59.34 98.82 77.19 38.51 9.90 5.18 80.88 93.02 4.62 95.45 3.62 48.29 40.89 62.37 92.97 56.38 30.45 61.28 69.34 55.37 44.52 30.07 38.22 41.01 94.71 60.03 68.65 67.38 91.10 81.37 77.78 94.77 81.09 22.09 68.74 78.50 25.62 37.02 58.04 72.46 17.85 38.93 79.25 39.91 71.19 63.30 38.63 9.36 32.07 59.54 69.31 
67.02 43.92 2.22 98.01 77.04 25.47 99.82 85.10 31.79 26.53 66.10 59.78 7.26 36.51 65.06 68.58 92.02 17.55 18.84 19.57 31.32 53.91 55.39 87.93 82.38 11.11 39.42 42.21 24.10 9.61 55.24 36.55 68.20 18.08 40.98 21.36 25.76 69.75 60.78 96.67 82.38 1.78 59.53 36.23 59.01 4.34 77.78 64.08 29.35 64.70 80.52 25.23 33.38 42.15 54.28 75.74 32.72 58.83 84.06 43.11 89.75 2.80 13.39 62.82 42.09 18.38 34.11 12.28 27.37 12.52 5.21 64.35 68.88 41.11 11.11 7.11 67.37 60.89 47.73 45.36 94.93 72.73 32.42 73.34 2.55 67.53 70.91 18.93 86.45 98.10 52.35 21.99 58.88 57.55 86.26 37.43 35.00 92.66 15.89 88.21 
15.93 11.51 30.07 50.53 31.09 19.37 81.54 4.35 14.35 17.34 84.74 44.64 75.97 38.87 36.88 82.29 42.95 57.50 34.97 1.69 24.29 43.93 58.55 91.64 44.47 53.58 31.94 38.64 57.41 85.02 47.66 37.31 37.96 82.43 64.04 53.41 98.87 84.86 62.02 92.38 35.63 40.97 21.23 10.22 8.62 66.18 92.29 49.93 41.19 71.66 25.59 58.92 8.86 76.37 92.02 34.51 8.62 14.06 42.70 47.41 52.37 14.80 10.68 74.70 45.05 37.81 91.62 79.13 59.17 66.53 16.64 30.34 19.87 29.70 46.15 94.86 22.54 73.46 66.09 6.97 3.42 87.36 39.84 8.54 77.32 65.19 7.62 95.35 17.13 20.24 85.66 16.87 93.24 57.34 75.49 93.28 77.51 59.14 10.50 82.95 
94.62 62.60 48.56 71.80 63.06 99.86 81.01 74.61 18.37 47.85 23.38 29.67 73.22 97.39 86.05 82.28 47.03 43.52 11.70 31.53 82.31 2.03 84.44 93.55 55.65 50.92 68.83 23.53 29.22 72.69 27.21 84.71 98.22 34.23 60.17 41.63 32.51 67.17 23.18 55.74 98.84 54.57 8.73 44.81 62.10 44.37 91.23 26.97 43.54 51.33 79.62 53.06 53.83 85.09 36.92 80.30 24.74 76.01 89.09 93.63 5.87 83.89 58.74 92.61 38.97 23.26 8.27 46.39 19.49 35.79 0.98 34.74 11.47 44.02 82.57 24.52 84.70 91.32 43.41 71.14 16.36 58.51 99.37 95.26 73.45 3.90 91.54 87.60 30.29 65.05 54.57 15.29 37.02 33.05 32.84 43.38 31.46 93.63 37.54 43.62 
44.60 41.42 54.53 94.88 7.24 47.67 67.90 24.88 10.59 16.68 94.42 64.27 52.50 27.14 60.49 47.41 3.24 95.05 65.60 65.03 5.64 57.84 80.09 90.05 91.84 28.43 62.89 23.63 5.04 83.19 36.78 31.43 3.44 72.94 46.27 38.15 64.05 42.29 60.37 18.94 5.70 76.62 33.21 21.97 19.93 11.57 22.37 60.92 52.09 40.27 73.19 30.11 77.71 35.36 36.39 89.57 12.62 80.97 17.63 62.90 16.93 80.16 29.80 50.87 2.94 37.80 96.51 60.45 98.53 31.53 8.91 74.89 39.93 43.29 98.12 42.19 60.90 90.78 47.88 55.37 52.97 38.27 89.72 99.69 70.22 48.36 58.02 69.73 59.50 75.82 6.63 56.68 91.28 46.14 85.92 42.83 98.50 47.99 93.58 35.34 
35.71 78.75 38.43 39.15 92.97 35.61 23.93 80.27 44.97 64.90 51.68 36.03 88.17 44.91 72.01 38.71 22.06 20.58 9.06 51.42 29.71 27.38 43.95 30.22 15.97 36.74 81.43 21.83 35.23 68.60 27.33 90.54 55.19 44.82 50.40 43.56 55.28 49.15 23.28 9.35 73.08 38.15 25.36 96.17 96.91 38.21 50.97 80.99 76.03 80.28 60.05 2.25 39.29 16.84 51.51 74.72 86.29 48.45 94.87 42.18 76.26 24.98 56.00 89.72 1.76 9.35 3.73 87.52 73.56 86.62 0.30 94.80 58.86 43.67 29.04 63.78 0.78 28.99 67.20 87.40 85.89 68.80 38.82 91.47 97.20 69.64 84.34 52.21 52.94 6.86 52.83 51.67 1.46 72.60 60.64 68.52 52.55 57.44 19.81 95.72 
31.27 97.72 60.36 29.89 73.19 7.50 91.35 42.70 87.89 31.58 83.33 78.49 13.24 11.44 76.09 19.36 39.78 58.17 31.03 97.83 98.59 44.11 60.01 20.40 15.05 41.40 90.91 7.57 53.17 35.28 69.04 22.60 6.78 16.42 53.59 3.45 52.03 25.48 54.74 55.02 54.98 3.44 40.89 67.02 16.27 10.75 0.01 24.77 91.58 35.97 23.52 81.61 51.62 30.79 30.44 28.63 66.91 56.37 42.09 90.93 17.93 28.85 95.49 44.54 93.45 74.17 22.43 80.68 49.65 26.98 22.22 82.33 99.88 50.06 83.38 84.73 34.11 96.32 80.14 2.47 90.33 18.94 52.62 6.20 60.44 91.92 99.69 6.20 40.73 51.24 30.25 43.77 53.10 75.43 65.67 84.79 22.85 83.32 51.84 29.29 
79.43 62.06 20.10 76.54 68.08 38.52 19.60 17.74 98.44 8.45 89.88 58.79 9.19 23.48 66.89 78.81 88.19 7.90 39.32 44.72 19.70 51.10 76.98 32.47 22.03 41.91 28.62 78.43 18.66 23.55 73.94 31.27 12.87 15.30 77.68 30.18 71.69 3.55 24.25 28.13 23.38 0.31 59.60 42.15 53.87 45.92 16.44 77.64 80.41 96.75 7.32 68.49 40.50 52.96 10.44 6.33 48.71 52.10 14.59 59.04 58.61 96.62 46.08 55.20 66.06 13.21 97.05 60.67 26.52 49.14 85.38 92.45 60.67 98.02 86.30 66.68 99.00 49.21 55.87 52.98 99.53 75.45 49.23 62.40 77.36 17.25 2.05 37.30 32.58 28.33 42.50 19.05 61.19 92.20 3.09 20.82 35.56 49.59 44.66 29.96 
66.72 14.48 36.03 98.54 37.71 53.55 17.06 64.87 16.67 80.82 90.26 40.88 43.23 91.00 72.45 9.82 72.44 60.86 98.35 45.09 74.85 59.80 9.98 58.09 68.08 15.64 16.26 3.34 51.32 50.33 75.11 5.03 76.64 28.72 18.33 57.09 66.66 48.33 53.93 28.25 29.30 77.41 68.26 63.45 82.01 54.67 73.89 69.62 15.39 16.18 86.89 35.13 19.22 74.78 66.50 43.10 80.84 17.24 42.76 98.30 99.33 28.40 90.98 47.93 40.13 28.92 37.66 90.89 43.28 21.59 81.07 31.73 45.32 76.29 87.13 52.25 8.81 23.43 14.48 4.17 8.21 68.44 88.86 21.63 82.02 98.04 22.55 74.59 6.10 6.27 46.95 12.52 66.76 30.13 51.37 49.21 5.77 89.74 45.05 24.57 
6.38 44.17 8.67 70.85 76.29 62.25 46.23 41.73 58.12 60.54 20.50 72.19 29.05 77.31 6.79 82.32 81.16 16.11 83.68 72.95 1.23 31.52 43.07 41.77 65.39 30.46 73.46 84.61 4.30 18.98 28.76 86.78 97.35 13.11 66.43 30.50 39.56 13.15 71.03 48.24 35.23 15.54 45.82 17.62 11.81 68.99 47.98 32.81 99.25 66.74 33.60 87.12 1.44 7.17 64.48 85.09 12.27 83.65 65.73 44.63 59.19 84.61 96.51 88.48 3.34 36.11 54.02 53.93 35.04 30.41 93.95 68.30 11.96 82.38 98.81 64.24 34.76 15.77 72.69 44.18 79.24 34.72 90.17 52.21 35.00 64.41 98.71 75.19 59.63 55.40 77.93 95.95 90.03 19.69 72.84 70.10 61.53 16.95 62.14 21.41 
93.42 54.02 42.58 60.08 9.05 24.39 42.09 1.52 83.33 58.37 82.20 52.40 70.06 87.90 83.30 25.28 41.39 98.49 77.03 13.67 48.29 40.88 43.98 12.93 43.60 50.96 64.21 27.00 44.39 33.16 88.85 93.07 73.53 46.85 28.91 20.53 90.65 87.07 74.44 32.71 34.61 5.36 3.99 38.66 41.11 64.07 62.79 75.27 83.93 43.45 7.86 59.96 53.93 34.99 20.58 76.16 13.94 62.69 78.77 77.37 38.22 21.58 17.92 47.62 99.02 39.10 34.40 16.63 35.56 81.09 73.32 69.93 77.30 22.52 17.64 45.25 42.16 79.69 10.95 1.28 76.82 39.72 1.32 23.27 95.25 23.13 94.84 2.68 42.44 56.62 88.86 85.92 22.48 68.71 18.54 44.58 7.75 22.87 15.70 11.30 
89.20 56.75 46.70 21.95 39.40 22.91 11.19 1.47 76.48 65.19 80.80 15.35 57.69 26.24 92.33 43.74 71.34 87.96 26.70 0.73 15.89 19.23 92.26 4.32 81.60 80.03 19.62 90.11 97.62 31.51 56.58 4.52 95.42 41.98 9.45 44.75 9.54 17.10 56.25 2.12 77.54 90.84 85.29 70.64 29.69 43.34 32.07 74.82 70.53 35.29 66.57 23.70 72.03 22.25 73.05 90.19 86.04 42.90 83.11 59.74 54.91 80.41 70.20 50.00 97.75 34.39 13.65 76.71 5.94 90.42 45.08 27.01 10.99 25.44 57.10 94.96 76.61 43.46 48.84 42.21 1.52 20.87 29.76 41.25 61.55 28.04 20.44 54.79 29.59 32.28 78.38 19.24 40.88 99.47 18.06 89.45 70.06 57.10 40.42 87.54 
25.85 26.40 14.16 82.17 70.11 79.70 98.57 38.29 23.16 46.55 50.81 34.78 53.50 36.01 56.21 54.25 92.60 57.83 73.23 52.01 10.14 94.72 78.69 86.27 86.08 71.67 31.23 95.44 96.18 73.44 44.02 11.29 30.96 33.67 89.37 12.52 78.46 52.81 30.21 39.42 86.24 89.93 67.35 91.55 18.65 23.11 67.57 94.44 3.29 40.64 60.69 37.58 92.22 67.79 50.21 87.97 87.09 65.16 9.08 98.79 31.43 69.24 52.80 51.02 37.07 71.22 90.65 75.40 80.13 80.41 68.66 29.14 72.43 1.37 31.44 95.02 71.08 29.28 99.19 46.80 29.53 64.01 38.60 8.46 82.09 63.31 2.22 31.06 37.03 99.74 77.27 27.77 45.43 83.36 17.87 18.68 76.88 67.99 17.71 75.53 
44.90 80.00 98.54 72.17 77.19 24.73 53.47 4.16 85.22 10.42 20.43 7.55 11.88 95.95 5.47 70.06 33.26 78.54 17.85 67.22 90.57 57.27 81.09 90.04 68.88 72.47 69.87 42.08 32.59 5.94 95.29 48.43 37.96 45.50 53.38 27.82 52.01 62.57 97.90 34.35 42.16 26.57 98.22 30.16 89.05 82.10 15.85 7.94 0.99 98.78 66.81 82.33 3.82 79.33 30.66 15.07 82.41 42.27 67.10 10.85 16.07 36.81 45.92 32.34 51.49 98.98 17.62 10.25 64.45 27.28 80.03 98.84 57.28 65.49 15.41 59.56 67.88 91.96 56.16 77.49 35.11 11.52 66.64 43.26 13.16 36.90 36.83 83.68 31.96 61.13 77.20 6.81 93.27 37.55 26.40 93.47 27.79 5.25 67.40 94.76 
29.17 84.24 7.10 70.41 41.46 57.51 18.54 14.80 80.16 93.49 60.22 25.41 5.70 42.57 30.68 63.26 45.99 20.81 28.01 12.14 22.68 32.97 65.62 57.72 64.55 53.00 44.25 26.11 63.81 14.04 29.75 66.48 46.51 74.43 99.82 43.57 11.15 27.21 3.64 3.98 85.65 92.73 59.70 88.24 2.23 46.52 22.74 12.38 9.19 49.75 86.63 43.64 93.22 94.41 97.72 54.68 97.01 77.41 67.16 95.54 95.02 60.19 73.37 27.75 10.33 3.58 13.67 4.25 75.53 48.72 98.96 89.18 74.83 47.33 13.39 17.48 67.77 43.75 75.95 25.05 47.81 95.64 35.82 10.09 31.41 11.37 74.76 84.57 36.28 63.68 38.73 88.23 62.91 39.35 92.03 4.13 66.56 74.89 4.60 71.57 
20.50 26.88 49.35 69.50 24.59 93.39 58.47 40.36 50.89 56.59 67.84 52.29 64.97 12.13 38.01 93.63 53.56 40.94 95.37 35.84 88.90 70.03 21.68 87.40 91.43 21.64 54.40 17.82 29.78 43.75 4.51 82.35 4.62 7.91 70.10 41.16 84.63 94.80 17.52 40.47 37.57 71.33 71.57 96.72 38.38 71.13 4.87 31.24 56.79 5.53 83.89 66.87 47.21 37.34 14.89 0.15 23.09 94.14 8.34 22.02 87.19 31.78 65.69 72.47 41.48 25.99 96.85 0.51 68.79 46.88 0.91 25.55 83.43 61.29 34.37 74.32 13.91 72.62 21.46 36.31 82.20 69.33 80.59 95.26 54.26 46.93 96.17 85.75 78.48 33.34 91.77 3.23 66.38 79.13 9.05 30.55 38.24 15.90 38.92 12.81 
52.08 63.93 42.67 84.35 48.13 43.62 79.38 8.50 40.14 81.93 78.12 24.19 38.88 67.57 71.75 85.38 16.01 2.57 45.60 69.06 49.34 88.04 58.21 6.56 3.09 18.61 55.06 44.45 51.19 42.87 42.12 52.61 64.06 4.89 47.78 44.31 93.58 15.74 70.79 9.98 67.78 43.87 73.11 6.13 29.62 20.53 71.22 28.35 8.30 10.64 33.63 34.90 70.22 87.87 2.45 96.20 52.63 17.84 71.07 48.85 45.88 64.22 44.53 55.28 29.36 16.83 85.73 30.36 82.92 65.16 39.15 19.59 69.32 86.51 57.64 79.79 1.31 41.01 19.16 39.39 48.51 85.88 69.91 69.01 93.41 21.39 55.84 74.53 7.38 63.89 47.30 2.27 13.38 73.19 50.26 79.59 47.98 81.53 38.14 85.80 
53.79 69.48 26.65 5.42 66.47 90.55 68.31 50.33 38.93 45.30 39.92 26.75 95.22 74.46 93.51 60.40 70.43 23.40 14.25 71.35 64.75 46.95 44.91 9.59 51.63 83.22 99.86 24.57 74.47 90.91 56.89 45.99 90.81 9.44 54.74 46.05 2.53 4.54 59.23 15.53 49.53 33.73 54.40 0.57 39.35 32.14 74.76 70.52 94.41 96.53 3.09 38.27 12.21 47.22 51.00 87.79 58.12 5.16 32.80 57.81 28.99 9.78 7.80 85.20 98.65 78.88 9.81 35.55 7.10 54.54 3.90 36.55 0.88 43.18 99.56 58.79 15.26 4.72 87.69 70.26 42.63 66.96 13.01 68.54 78.20 18.50 6.14 35.98 69.46 45.67 77.43 54.99 60.78 91.96 36.10 54.06 89.75 70.18 11.27 97.59 
4.88 31.43 24.63 11.50 47.68 33.38 31.34 74.29 33.67 45.16 0.72 57.63 65.09 41.80 58.61 15.56 69.75 24.20 89.05 83.11 71.07 5.46 20.99 72.48 90.65 46.38 9.48 40.64 12.58 48.49 35.18 53.70 23.45 2.06 94.42 47.97 38.21 54.62 67.45 12.92 42.63 29.34 97.71 98.19 1.15 53.11 47.44 87.81 98.88 99.92 15.21 22.15 74.34 58.44 44.50 58.63 67.95 87.98 5.32 80.22 87.56 34.60 39.53 41.88 46.41 24.52 32.02 89.86 79.83 94.65 7.42 54.37 2.89 4.02 91.94 96.33 15.00 67.34 48.20 67.29 51.54 64.84 3.51 71.66 33.82 31.44 1.17 9.39 36.94 4.41 61.92 36.65 19.08 96.58 89.75 25.29 21.45 16.91 43.92 58.65 
3.85 71.46 5.70 31.09 77.90 65.81 52.12 4.55 36.78 2.39 96.03 73.07 64.62 98.52 32.68 9.94 30.42 3.24 46.60 5.01 37.28 34.06 95.63 64.25 72.93 73.73 53.85 85.00 51.81 0.68 51.93 63.27 83.22 38.62 33.93 54.23 97.04 53.87 22.40 32.23 8.09 90.90 77.93 13.07 94.71 84.14 99.33 64.81 44.23 50.58 18.14 21.94 1.48 56.56 25.60 12.26 52.83 98.45 26.11 76.37 26.96 71.81 33.02 11.71 28.75 68.80 78.35 38.44 61.55 17.67 51.72 20.26 53.31 22.86 33.29 60.08 95.95 98.12 40.70 40.19 70.53 22.96 49.86 14.15 93.56 27.80 71.48 43.17 27.36 3.83 13.64 22.12 2.77 95.93 81.10 89.12 37.28 35.85 80.54 75.31 
55.89 90.78 22.61 40.93 50.03 81.80 64.65 49.10 34.93 86.87 2.34 85.55 1.19 68.70 20.94 2.60 31.58 26.40 41.87 80.77 19.31 74.30 80.87 34.19 76.74 41.05 57.84 69.97 83.16 38.92 12.41 15.12 72.82 70.12 33.49 44.63 38.11 79.65 2.50 35.41 67.72 22.81 72.28 7.02 25.68 89.38 99.56 83.89 88.48 86.60 37.32 87.56 63.70 86.09 11.02 51.41 73.01 93.16 93.86 72.81 76.79 50.60 55.65 2.21 56.56 89.37 65.99 49.07 56.61 7.25 51.54 0.98 92.40 54.80 96.66 37.43 67.11 42.61 62.65 23.49 99.83 95.85 76.12 62.16 29.93 89.73 65.06 16.30 91.06 18.76 54.56 54.69 47.38 89.64 61.46 26.05 98.44 61.63 72.98 21.02 
13.72 70.54 90.28 1.46 4.82 41.65 84.78 75.09 47.66 19.24 25.13 60.82 19.83 20.92 68.84 25.91 88.18 21.47 75.45 66.22 25.24 29.56 57.42 85.84 43.76 96.20 60.69 96.53 40.07 91.56 69.92 17.01 62.85 42.84 61.22 2.75 86.07 13.69 12.45 46.78 61.87 87.02 16.26 9.48 69.02 73.83 77.87 67.48 93.92 44.63 23.47 0.98 20.18 82.41 39.95 86.75 58.04 28.76 24.00 14.37 22.78 20.93 24.99 70.86 25.94 86.15 0.41 22.29 0.23 39.63 96.71 77.80 5.10 46.00 39.56 45.17 44.73 31.86 56.38 79.42 95.44 95.96 18.91 42.31 50.49 93.21 39.39 78.36 81.94 20.05 16.81 47.76 60.84 91.88 90.60 85.76 27.61 83.67 47.06 91.82 
72.91 53.64 47.38 55.88 5.22 40.57 92.10 30.59 90.26 73.72 49.48 59.81 76.67 94.60 81.40 50.66 78.93 36.95 59.31 57.82 77.19 22.49 25.74 29.97 32.33 11.93 51.37 85.72 31.77 92.68 37.59 56.91 43.77 4.13 54.42 14.62 67.11 78.35 84.80 1.55 98.79 63.72 33.62 7.04 79.06 94.52 62.51 10.85 74.88 60.89 3.71 13.29 96.91 84.74 56.27 30.19 96.93 34.78 94.31 87.19 57.92 1.90 94.25 32.92 68.57 20.53 29.53 76.94 96.87 75.18 22.49 34.11 85.54 5.22 36.18 12.55 11.56 33.41 44.58 35.27 72.49 1.45 77.24 12.15 44.35 38.28 48.48 67.81 71.19 68.35 74.80 7.83 72.13 40.52 44.04 40.56 28.72 49.94 77.67 83.24 
73.81 60.63 70.09 56.62 15.66 50.23 68.46 61.95 33.22 92.21 16.75 62.98 34.17 60.60 30.41 50.05 70.63 17.60 24.12 34.20 29.37 64.68 21.72 73.11 3.27 37.18 67.10 99.06 75.47 64.03 14.30 98.84 58.10 98.04 0.61 42.64 88.78 51.30 67.62 50.96 53.66 93.46 4.25 70.33 65.95 46.23 18.22 84.38 99.96 64.82 5.79 85.14 78.80 36.62 15.56 31.04 67.62 16.61 68.53 63.90 59.50 88.54 44.60 43.89 41.55 12.80 65.49 82.46 27.63 62.75 24.52 66.77 96.56 20.82 76.43 13.61 64.53 9.21 70.68 75.56 93.60 94.32 87.68 32.91 88.20 53.28 51.51 9.46 56.23 29.35 51.08 89.39 92.29 46.62 0.71 50.61 16.58 98.38 89.12 76.49 
32.24 92.13 33.52 92.68 29.57 49.06 28.36 0.53 47.50 78.51 88.72 52.99 17.35 82.56 54.31 29.41 42.01 1.75 29.00 28.56 38.43 27.13 18.92 7.75 56.32 89.35 25.93 24.72 96.76 2.43 15.69 56.37 69.36 97.91 98.36 34.89 16.14 24.52 47.11 75.86 44.37 36.97 75.49 31.85 29.96 4.36 9.03 93.51 16.01 74.94 54.45 4.84 62.30 6.35 5.19 56.35 72.44 80.06 21.08 18.26 6.03 78.01 51.17 44.42 19.57 25.93 37.53 18.89 23.86 59.03 70.13 30.38 72.31 56.81 99.67 60.65 10.62 16.18 1.36 11.26 10.89 70.94 66.47 25.74 49.05 76.29 84.06 13.52 58.53 34.64 3.10 23.17 79.30 47.39 14.50 60.50 47.00 29.51 43.85 67.47 
55.19 8.01 67.65 58.41 61.30 4.66 23.91 72.63 75.98 10.94 45.08 0.95 37.54 57.47 68.70 66.96 54.93 66.07 57.79 13.46 0.30 5.55 65.48 94.27 22.59 79.41 6.91 58.89 91.55 4.80 66.99 23.96 13.03 71.66 92.36 15.24 86.46 77.23 28.71 43.28 80.70 93.91 89.81 8.72 94.30 32.59 47.30 98.81 73.68 95.64 26.91 96.48 68.02 87.81 79.94 36.79 19.53 61.57 44.61 18.74 85.59 60.51 40.82 2.30 36.33 75.58 95.65 97.95 41.68 46.78 40.58 54.64 67.91 74.91 82.07 99.63 38.51 85.15 53.38 5.37 72.32 35.02 20.34 98.32 41.04 52.39 77.20 54.80 3.59 93.54 71.46 74.84 75.37 22.00 18.68 77.72 55.69 43.04 96.96 4.27 
30.53 37.02 78.58 29.83 30.33 26.54 33.66 81.60 13.09 46.17 38.44 91.97 20.42 69.29 28.86 46.01 31.90 97.25 16.97 15.05 91.34 30.53 24.76 22.41 69.98 65.23 73.49 41.30 89.39 29.66 2.31 93.55 57.07 93.49 55.59 9.88 93.71 94.82 18.76 19.80 11.22 46.30 82.29 96.28 21.76 7.44 73.01 66.63 41.30 44.09 15.25 9.83 18.32 6.85 1.51 70.76 76.67 61.97 79.28 85.44 41.72 49.99 49.83 57.04 97.50 43.35 51.87 39.91 97.13 15.98 40.99 36.24 29.49 73.59 48.47 27.11 18.59 55.59 11.05 24.38 35.62 16.28 34.88 55.10 2.99 12.00 90.74 25.69 32.75 85.47 11.43 27.12 63.33 70.28 82.24 73.05 19.20 27.85 93.66 92.58 
8.47 44.76 10.47 81.03 44.73 37.68 56.95 76.09 91.48 81.58 7.85 16.80 28.26 76.12 32.02 91.06 29.20 49.27 82.95 1.13 54.65 14.43 52.17 38.51 61.49 40.95 61.60 64.70 86.22 50.51 91.86 68.77 75.21 87.51 4.72 11.78 51.49 66.89 71.01 97.63 71.64 48.60 88.89 4.97 66.43 20.40 45.67 7.09 43.74 78.27 38.36 64.09 43.69 74.73 63.80 40.86 3.26 62.70 63.65 34.01 29.43 51.24 38.20 86.16 48.10 63.96 57.19 47.32 20.18 9.87 16.99 77.27 17.55 89.09 80.89 1.81 85.10 13.92 7.37 39.10 48.74 20.17 55.63 19.86 9.46 46.95 72.45 38.45 24.52 89.57 94.67 54.36 5.66 44.30 29.22 56.42 81.22 27.89 89.41 91.48 
12.64 7.64 65.45 2.36 35.84 24.82 20.55 79.03 12.56 65.99 97.58 22.11 82.08 75.79 38.43 47.50 67.09 17.24 18.10 96.43 35.84 30.11 34.86 63.75 93.13 90.43 38.82 86.64 51.53 36.72 43.07 88.10 77.02 85.04 61.19 93.72 89.41 90.17 32.68 45.99 25.01 76.96 47.76 63.67 82.26 68.60 25.38 82.79 3.10 67.81 5.08 42.35 25.52 98.43 80.72 48.48 48.76 34.52 76.12 12.11 58.93 69.26 43.33 23.10 68.96 73.15 82.59 22.11 79.78 32.20 45.70 85.76 13.25 79.82 93.22 87.83 84.59 65.80 40.86 20.41 62.00 94.92 36.44 22.44 90.82 12.96 78.76 86.53 76.10 10.24 88.59 65.26 57.37 51.43 50.40 5.85 55.82 44.58 53.15 96.87 