10 10
57.67 87.66 44.00 72.97 86.93 71.56 80.07 70.65 74.17 1.91 
88.60 52.50 46.33 6.52 71.34 48.89 66.77 68.20 19.96 91.66 
86.59 89.00 54.39 13.92 45.03 98.94 21.55 44.60 31.57 51.47 
88.15 43.97 46.75 80.66 36.52 21.15 99.91 15.36 63.05 61.64 
0.06 0.09 77.34 72.73 31.92 41.77 68.25 68.06 20.53 83.64 
70.89 82.87 9.45 8.17 76.40 62.96 21.39 21.35 8.11 38.88 
95.22 94.75 38.99 26.92 69.22 28.40 77.69 78.39 42.25 28.22 
19.40 1.13 19.18 98.32 24.41 81.97 13.65 39.81 60.10 17.69 
82.84 15.77 98.79 25.72 23.36 10.16 21.94 63.47 69.60 79.48 
69.62 75.29 66.95 63.34 5.64 59.82 22.70 31.88 69.98 11.74 