20 20
5.16 52.21 32.06 3.51 24.51 10.72 38.30 55.18 59.72 61.11 93.53 77.20 51.31 48.67 65.01 69.70 40.75 48.68 47.98 71.05 
53.42 27.66 60.55 28.01 70.34 53.05 93.83 23.54 41.35 59.75 78.30 92.03 68.15 82.12 52.74 23.03 14.37 89.95 25.14 65.15 
0.48 93.59 27.54 85.88 27.89 95.24 50.68 12.29 41.65 70.25 43.65 10.77 76.62 9.99 44.13 34.46 29.71 75.76 33.85 33.08 
5.56 57.32 48.53 20.25 11.45 97.43 86.46 49.18 36.74 80.49 16.22 15.96 5.77 14.93 46.81 38.06 88.37 42.41 41.22 65.13 
30.83 6.01 81.44 89.77 91.95 90.12 77.00 17.08 57.24 3.14 80.33 52.22 86.16 27.72 86.95 58.69 38.92 81.19 52.57 93.99 
42.00 57.99 74.91 88.08 33.81 18.95 74.31 71.89 87.92 7.29 71.01 87.91 35.94 8.99 16.10 41.68 9.64 67.47 56.26 81.30 
87.82 76.94 63.52 89.65 87.84 48.65 11.31 37.75 38.26 68.76 12.17 7.68 14.33 47.76 70.86 23.80 39.10 97.59 62.88 68.12 
90.87 36.24 85.92 79.43 42.89 7.35 49.86 48.39 45.07 49.97 74.08 93.28 30.01 14.62 11.00 8.03 97.25 40.82 23.84 96.32 
83.35 19.81 12.95 19.63 33.91 57.57 44.03 58.57 43.29 36.82 38.23 60.01 42.95 14.88 67.02 99.54 69.81 40.27 84.93 81.95 
79.34 37.42 0.96 47.98 63.91 64.65 64.49 79.90 37.74 35.77 38.95 33.43 69.36 14.49 29.15 66.69 85.44 31.47 14.41 60.22 
0.56 92.08 38.20 51.65 34.45 26.41 29.10 83.36 12.44 63.46 4.87 45.80 37.68 15.59 75.59 66.60 1.15 79.49 56.09 28.87 
41.56 32.06 51.46 71.92 84.20 23.19 46.50 37.34 5.00 7.39 20.24 56.62 83.15 42.26 83.95 29.30 18.12 35.75 93.41 58.94 
36.90 46.31 62.78 94.45 40.58 5.05 44.49 59.59 74.83 86.42 13.10 10.46 66.53 83.34 58.13 65.86 98.20 1.89 92.15 19.47 
96.77 52.31 27.88 71.98 59.05 83.71 83.47 65.99 73.04 64.30 34.95 53.49 66.41 32.34 86.92 44.24 91.80 27.67 95.18 11.72 
41.60 83.64 96.25 33.29 52.62 53.60 81.81 92.99 66.29 24.32 94.14 59.67 12.60 24.70 88.67 19.62 16.30 83.60 60.24 62.32 
83.87 67.16 39.16 87.13 66.73 11.56 0.00 67.61 62.88 45.45 57.43 3.23 35.14 85.51 37.08 66.14 57.64 6.00 74.45 27.95 
44.26 17.64 9.18 89.72 99.24 59.42 3.30 69.09 48.72 56.93 89.57 43.45 68.86 20.32 48.17 27.24 94.71 24.43 95.33 47.70 
12.71 96.14 85.72 21.74 0.70 78.25 5.04 96.01 64.14 57.34 13.71 12.90 82.46 50.19 65.59 50.51 52.65 11.84 90.31 66.89 
27.76 38.67 39.15 83.11 24.30 12.34 72.83 64.81 20.12 84.87 2.26 10.56 18.80 36.10 77.97 71.92 66.64 58.10 35.12 15.72 
29.21 16.91 22.37 67.14 40.48 88.65 57.94 34.18 43.72 69.96 83.43 79.20 84.91 28.22 26.47 17.00 53.35 7.32 99.87 75.02 