50 50
79.20 55.21 79.56 26.83 87.67 88.34 30.11 82.84 45.22 60.12 88.87 88.27 86.82 50.67 90.83 27.79 77.89 77.06 76.36 17.63 96.36 35.27 25.96 69.84 76.92 99.52 83.29 60.23 54.13 13.41 50.27 38.68 39.90 21.67 33.85 98.95 98.58 14.00 44.28 81.92 56.61 86.08 94.44 90.82 27.25 32.53 99.65 0.57 9.60 17.55 
92.25 3.77 86.31 66.97 72.39 69.82 2.78 99.11 44.55 30.33 9.55 86.20 9.09 8.47 88.83 46.67 29.89 97.81 9.21 49.77 32.90 67.30 72.90 40.17 17.76 94.40 62.53 7.38 96.98 15.38 52.69 77.87 19.63 53.50 93.64 23.78 82.60 6.65 9.28 50.10 57.16 4.45 51.90 44.82 44.38 17.78 8.38 61.28 59.50 52.30 
37.79 66.81 37.30 53.77 6.35 70.59 51.88 88.32 89.88 90.50 50.70 34.37 11.01 91.59 5.61 54.68 28.85 99.44 20.73 76.01 98.70 29.96 60.28 85.19 23.97 21.22 76.82 93.93 8.75 94.98 91.59 15.50 44.75 65.09 24.94 45.07 84.21 72.50 50.73 26.79 23.95 47.29 67.39 83.22 99.99 94.95 41.96 58.64 47.55 58.82 
67.05 10.71 63.13 68.49 30.32 74.91 70.15 85.97 31.65 73.78 28.36 27.59 65.71 35.04 63.28 2.27 12.53 48.73 64.84 32.60 29.63 36.88 14.99 57.43 78.41 81.43 63.27 40.98 74.34 25.65 46.34 65.98 50.76 6.97 85.96 47.63 31.00 84.91 53.96 35.87 22.86 40.85 99.27 59.57 62.42 87.30 10.97 6.22 70.50 14.33 
40.55 79.86 80.13 17.81 32.92 60.61 88.28 9.71 57.02 5.60 52.16 89.05 74.21 70.92 51.41 8.53 83.12 75.58 45.71 94.78 50.80 37.88 12.67 41.76 90.33 42.82 95.49 4.67 26.80 45.10 12.79 11.10 49.66 77.00 17.46 78.51 80.80 52.12 24.44 64.16 20.32 57.40 34.38 0.39 75.00 61.28 51.58 90.89 71.56 86.00 
63.14 47.45 12.84 72.89 1.67 1.45 18.09 10.09 52.64 22.99 33.87 8.59 93.87 5.16 48.78 18.51 48.37 35.76 58.67 34.17 49.64 16.97 29.29 98.04 3.29 46.94 85.85 22.43 53.50 32.07 85.25 76.17 34.99 76.52 68.81 54.11 56.24 39.15 31.95 99.02 42.92 24.84 52.03 56.82 71.50 25.41 27.71 63.28 19.16 47.78 
94.26 17.35 90.78 82.14 90.56 70.51 60.62 58.04 30.11 14.27 56.29 39.93 23.28 95.45 86.06 30.10 64.78 34.93 76.40 99.55 81.15 60.40 99.93 78.39 19.26 67.50 84.37 75.02 48.19 24.67 77.89 95.73 59.75 14.13 6.25 51.51 53.10 94.77 8.70 61.10 93.19 4.44 21.88 81.24 22.04 71.41 39.71 48.53 97.88 36.99 
50.74 26.79 40.59 85.70 12.86 17.20 83.04 73.07 50.94 98.99 89.81 70.91 33.02 99.16 18.84 27.11 89.06 26.27 89.60 89.51 18.18 10.37 18.26 36.72 39.89 83.76 1.26 73.09 57.69 96.29 89.29 71.10 38.34 60.68 23.17 93.91 75.83 27.39 76.83 10.33 38.73 57.33 36.35 29.86 5.77 12.63 1.01 41.22 36.96 15.40 
11.02 43.42 80.38 28.73 68.67 16.86 87.42 52.50 19.72 10.05 31.33 19.45 18.60 4.70 47.91 70.34 13.13 17.35 76.68 77.36 40.89 74.70 20.61 37.38 65.12 35.82 0.02 10.27 29.24 11.03 52.70 38.08 37.61 21.12 99.44 28.96 42.83 24.05 73.70 51.31 1.15 7.02 60.86 54.75 45.85 93.49 30.25 90.52 43.68 85.70 
18.45 29.95 80.76 82.34 20.53 60.69 42.03 37.22 7.22 22.14 32.53 74.86 33.54 83.10 18.44 71.68 81.92 0.72 70.30 8.60 90.89 90.06 59.40 60.39 43.92 1.90 78.65 46.10 29.08 49.81 63.98 93.55 57.30 79.08 50.43 6.98 36.56 29.29 44.21 89.40 93.91 67.49 2.41 34.60 0.01 54.97 92.90 16.55 77.13 77.34 
32.74 35.15 68.15 16.06 47.50 62.99 15.52 27.91 65.82 99.18 46.50 96.07 32.55 51.64 49.83 81.53 55.15 85.40 66.08 35.22 69.42 6.00 14.76 44.86 45.08 53.80 59.60 57.97 49.58 31.00 98.74 39.55 59.67 30.37 7.55 41.68 76.47 70.86 74.22 84.45 60.44 62.22 74.32 57.32 25.88 39.75 14.45 95.34 57.84 41.78 
25.73 79.35 81.90 20.54 40.31 26.35 8.29 48.80 3.17 99.12 81.74 54.00 11.12 74.69 12.81 51.25 37.09 24.44 90.55 81.12 38.22 38.16 17.97 20.06 97.25 93.14 72.34 97.94 72.26 48.28 52.17 55.23 55.52 65.41 7.26 15.11 9.21 88.03 83.91 99.16 65.47 52.55 36.32 78.24 70.32 9.75 78.61 20.89 84.70 24.64 
94.07 16.04 0.70 94.75 54.69 93.94 17.61 70.24 81.94 3.30 10.57 72.69 14.02 43.54 3.26 8.76 47.37 95.40 62.34 80.12 8.74 98.21 97.84 37.98 32.12 90.80 79.25 99.55 4.51 55.53 88.17 22.16 15.75 41.04 28.19 99.60 45.71 5.31 63.90 22.56 30.18 87.48 15.27 80.19 25.44 14.90 40.99 48.59 12.28 94.72 
21.49 40.13 40.46 37.51 28.70 39.44 73.78 48.81 80.20 59.80 27.12 17.93 72.66 80.48 49.45 77.23 11.96 39.26 9.75 36.76 14.64 14.16 14.11 94.21 85.06 62.54 40.88 92.66 77.97 8.70 54.78 76.43 53.14 61.90 71.70 12.49 82.88 56.45 16.68 33.36 59.06 22.02 22.27 23.61 15.43 79.96 64.07 66.76 64.93 75.83 
79.07 20.85 72.27 5.55 19.40 23.86 65.46 49.50 6.79 78.20 5.43 43.27 79.58 90.66 50.60 90.76 28.11 99.79 10.40 46.71 12.39 79.94 22.82 3.50 59.43 29.32 48.88 74.82 14.09 74.62 65.79 70.33 54.47 49.08 23.39 51.21 49.84 43.56 55.68 31.27 8.03 8.78 37.66 61.28 15.22 82.50 5.17 20.61 32.87 67.34 
89.07 36.54 75.90 11.02 33.68 7.91 29.03 70.31 94.58 36.50 14.89 8.35 61.53 92.96 27.82 8.81 34.52 29.84 48.03 7.18 6.17 97.82 93.26 69.10 96.90 69.33 73.74 22.99 50.36 42.55 78.35 57.87 83.03 61.24 25.87 34.59 50.86 39.34 22.27 20.98 31.88 72.13 3.49 10.24 16.54 73.54 48.41 45.18 8.92 87.20 
47.44 2.60 52.69 91.73 80.50 39.12 19.61 53.95 27.27 57.12 63.64 53.50 94.49 72.33 15.02 55.71 61.01 45.75 92.90 26.74 37.11 71.36 5.55 24.92 60.22 71.33 87.51 80.87 37.21 68.71 84.75 9.58 97.61 98.47 40.49 65.17 34.90 5.50 47.07 95.68 45.12 14.06 63.96 43.50 3.10 46.15 66.33 33.54 32.34 38.04 
64.44 85.44 65.86 57.22 67.81 38.56 37.71 54.34 89.22 5.44 94.47 37.03 83.24 87.69 40.68 32.01 82.96 5.18 81.56 5.26 86.67 39.37 21.60 78.78 86.72 44.73 12.46 39.97 11.63 31.08 32.36 28.57 42.23 84.29 57.07 3.05 68.46 8.46 72.44 29.84 43.10 98.91 48.14 10.64 90.07 59.12 44.68 80.90 13.21 86.06 
29.00 54.41 20.89 67.07 86.17 91.21 0.41 82.42 83.98 8.68 80.86 48.14 99.91 18.01 64.50 87.03 51.07 8.42 44.02 84.75 33.70 73.78 23.32 85.71 0.27 5.70 28.41 73.59 68.75 80.99 18.66 55.68 70.79 13.32 42.34 58.42 95.66 24.80 71.92 75.65 71.24 12.40 67.88 97.58 60.83 75.43 8.31 78.57 13.64 7.18 
34.37 67.93 65.92 23.12 17.09 44.96 89.60 76.22 59.10 21.46 51.39 70.89 0.47 34.93 64.18 3.30 3.44 78.22 83.89 73.62 59.10 20.25 63.03 52.06 9.70 56.01 25.50 11.38 79.41 87.27 6.49 30.79 49.56 20.62 4.35 65.51 6.17 27.85 32.28 81.96 18.86 76.95 56.72 39.41 31.90 64.75 30.39 10.95 48.73 47.95 
47.74 82.23 78.16 96.73 99.72 46.72 55.60 5.77 86.77 0.16 21.23 56.93 52.45 69.86 8.01 11.35 33.41 43.34 25.99 35.73 43.00 93.47 72.81 1.89 41.89 83.79 99.39 1.16 96.68 16.08 38.52 14.50 41.95 68.21 22.70 72.36 75.50 31.39 35.79 97.70 65.57 6.49 96.49 66.82 0.25 57.37 33.60 20.47 12.48 96.68 
54.09 86.02 33.94 46.99 85.92 88.51 21.02 42.57 94.74 4.50 83.79 51.48 74.21 78.66 76.52 24.39 58.77 15.99 86.87 98.39 8.58 22.38 56.60 33.56 33.41 52.06 70.02 51.50 35.44 76.27 22.45 17.47 23.21 61.88 92.29 81.92 17.27 88.09 93.54 71.45 19.22 72.76 61.29 52.53 7.76 96.06 70.25 7.84 31.10 49.23 
74.91 87.90 50.12 70.83 52.62 51.25 10.33 36.20 2.64 93.91 66.87 82.39 86.54 85.25 86.63 58.54 93.79 69.19 51.04 56.61 82.88 69.18 97.12 47.62 24.17 1.55 49.91 18.16 49.46 15.91 74.72 41.13 35.95 25.48 93.32 49.47 64.78 94.45 36.65 57.71 50.94 81.69 99.22 54.22 95.18 10.63 65.77 25.57 22.83 5.71 
64.02 81.46 44.41 95.28 89.69 49.08 31.68 73.81 82.88 56.11 89.56 60.05 40.86 20.43 22.38 39.53 41.72 87.13 57.18 77.61 54.78 64.07 47.52 52.50 6.55 73.63 78.37 38.54 4.35 54.87 82.76 86.53 87.10 58.07 36.63 16.62 81.99 61.98 65.37 72.58 45.02 20.05 9.71 71.51 82.05 77.61 50.44 26.36 64.37 31.00 
87.12 60.77 92.13 8.06 34.49 67.66 30.86 70.16 16.81 87.84 92.16 97.86 29.65 93.34 61.39 8.56 49.05 4.58 22.17 44.47 82.51 95.61 55.91 28.30 92.73 20.81 14.22 21.95 61.94 88.99 77.08 61.78 32.77 40.54 86.58 7.55 9.10 73.73 14.46 57.53 94.34 4.24 7.60 34.47 4.49 54.35 61.15 93.34 9.99 92.45 
80.30 92.57 40.33 71.54 6.05 6.07 46.94 3.83 48.88 36.78 93.53 97.47 31.97 62.34 79.19 63.67 52.26 97.42 65.74 22.70 59.56 19.14 87.77 21.77 50.33 14.03 55.61 77.47 41.69 23.08 63.02 24.24 10.45 62.88 49.49 23.48 86.97 42.02 94.01 52.07 6.70 66.89 53.47 79.77 29.31 86.39 24.51 58.96 28.51 39.06 
12.60 31.44 21.63 49.16 89.25 15.85 15.48 95.97 93.71 48.95 70.55 12.52 95.88 71.30 87.33 30.15 52.56 7.76 90.19 54.15 26.41 91.42 60.45 28.42 21.73 63.39 76.28 64.90 60.84 42.69 55.00 22.15 9.07 88.92 98.73 77.24 55.33 38.32 12.85 21.26 44.66 69.02 13.50 71.45 86.10 72.83 21.48 64.17 76.37 63.05 
97.78 33.64 14.39 44.70 64.77 38.71 26.74 40.72 34.37 86.60 64.69 99.29 62.51 87.66 31.43 2.68 0.62 77.00 3.22 32.35 81.35 92.34 1.17 46.02 17.94 95.16 86.64 33.20 54.62 31.24 27.04 83.48 92.77 43.53 39.72 39.83 49.73 46.76 44.19 49.82 16.19 87.84 67.37 23.39 94.56 37.65 41.44 18.76 29.00 22.96 
88.91 69.33 84.07 79.18 0.50 52.45 37.66 27.79 91.34 98.44 32.98 16.15 50.30 72.84 62.72 63.08 11.93 82.33 54.91 73.39 1.88 18.67 13.39 22.52 75.89 49.46 56.97 53.97 64.73 95.55 82.85 50.94 25.17 7.80 17.71 19.77 38.95 88.33 3.93 85.46 82.58 75.82 1.75 8.64 49.16 7.11 71.93 31.26 89.70 15.27 
91.92 21.66 13.92 82.35 47.02 0.73 86.37 32.39 97.86 84.30 77.02 22.19 57.91 76.63 55.72 82.97 10.04 62.08 27.94 29.07 41.47 9.68 99.83 78.01 35.73 59.83 36.95 46.82 47.60 78.10 18.94 62.61 22.11 61.71 37.76 4.13 54.33 60.25 46.85 76.61 24.97 25.05 46.84 11.26 91.89 29.21 74.83 4.22 50.64 41.12 
39.39 48.70 61.17 84.48 89.40 59.32 73.48 27.25 78.27 21.86 37.75 96.50 35.74 4.42 34.04 81.46 69.13 59.60 73.22 85.19 50.17 49.19 70.13 92.17 73.29 36.02 11.08 58.23 32.91 97.32 4.94 6.91 5.48 30.30 56.32 21.95 33.43 23.13 58.02 91.08 68.28 16.02 12.46 39.15 68.15 74.44 93.09 27.57 53.78 64.95 
57.56 42.61 41.51 11.40 54.62 0.44 92.08 16.82 56.18 98.51 23.58 75.39 96.35 10.07 44.49 6.74 32.16 1.76 29.77 93.74 32.88 70.70 3.41 11.55 1.27 41.71 52.49 88.52 52.25 94.50 35.90 41.64 31.38 2.91 27.74 18.00 54.51 41.80 98.31 93.60 79.99 10.45 63.96 41.16 23.70 18.29 23.73 76.07 58.34 93.69 
13.58 21.50 18.10 64.60 8.90 5.83 52.70 86.05 59.02 77.26 57.83 65.91 87.47 69.92 71.32 94.84 20.85 67.96 67.69 7.55 45.23 70.54 68.67 99.32 27.40 16.90 7.89 84.99 48.07 37.98 51.89 86.79 93.90 8.43 7.32 65.39 69.92 13.30 97.77 9.99 37.94 64.77 95.14 69.03 61.45 74.95 24.67 40.79 6.62 90.52 
12.50 89.55 84.97 61.62 76.01 43.74 16.77 93.35 70.84 46.14 9.44 13.89 92.49 91.63 59.12 7.69 4.78 67.22 24.13 91.30 16.71 81.80 74.79 69.46 97.19 13.99 55.58 69.08 52.20 5.83 17.37 90.71 96.88 82.25 40.57 72.40 84.21 53.87 22.02 7.96 30.06 41.85 52.67 52.70 61.30 12.45 6.23 4.05 22.53 87.52 
2.26 7.17 49.78 83.43 36.59 30.43 35.41 83.07 18.81 12.44 13.72 22.16 63.14 76.04 67.30 34.42 44.78 59.39 9.64 12.65 34.06 66.02 43.65 42.44 54.42 42.12 40.50 77.32 87.57 5.70 26.58 56.51 34.54 8.93 64.48 46.33 45.06 97.17 9.22 8.34 20.03 86.74 83.22 37.17 49.83 65.37 40.56 31.86 9.75 50.97 
47.81 66.75 85.16 39.68 49.26 81.45 55.55 91.15 99.86 33.42 59.09 60.21 25.72 32.19 48.34 18.43 60.48 24.25 82.13 62.65 32.27 26.91 15.82 8.83 60.01 60.61 84.73 96.79 16.69 45.36 2.05 56.75 53.59 9.43 94.28 5.70 79.98 76.08 52.22 26.70 21.99 77.76 47.77 52.94 26.36 49.91 90.85 59.28 2.59 71.28 
29.96 6.98 71.17 20.93 86.55 98.93 23.40 23.97 80.74 53.24 28.01 1.65 22.59 95.16 36.85 89.79 93.56 99.11 61.87 65.14 94.93 6.20 55.99 23.62 9.51 19.80 42.65 2.05 93.27 35.21 14.98 47.53 4.19 87.33 95.67 70.76 59.59 85.98 75.15 48.44 3.44 46.74 12.59 77.89 76.54 23.86 65.39 29.21 80.03 90.00 
3.74 89.32 82.87 78.46 50.54 97.41 89.44 23.56 40.71 91.08 53.32 15.77 95.08 0.10 17.19 24.48 43.79 38.23 39.05 32.14 1.58 18.51 35.77 9.52 35.97 13.67 54.46 97.89 65.46 96.15 90.39 65.96 73.01 15.49 73.39 18.91 95.29 8.70 39.00 17.33 99.45 48.05 93.29 59.40 12.71 57.87 47.55 31.67 88.77 66.97 
97.55 5.49 4.69 86.55 24.22 42.59 68.93 81.77 76.85 75.00 41.97 87.32 39.25 19.28 9.06 56.52 2.49 57.25 52.45 94.70 16.87 73.72 67.87 73.62 49.18 22.41 84.41 4.75 33.78 69.03 5.86 86.13 7.07 50.97 94.30 74.43 67.17 7.38 52.42 76.45 58.55 71.94 29.63 72.79 38.88 29.89 46.62 97.24 84.60 87.91 
83.29 99.45 52.74 29.11 98.15 48.65 71.48 44.96 63.14 75.49 12.74 6.76 45.09 6.46 48.85 70.95 24.92 42.01 38.52 96.53 62.73 54.00 20.65 71.55 64.17 64.00 41.27 12.45 45.38 69.22 35.91 1.35 57.25 62.91 71.66 32.63 45.15 57.76 51.15 55.71 90.57 45.60 34.16 35.50 19.47 83.14 50.72 85.97 51.38 65.17 
29.70 49.04 45.46 16.46 61.23 10.48 24.80 67.59 56.33 68.14 3.69 27.94 81.77 16.93 55.92 49.82 32.58 6.89 58.27 11.96 28.81 69.56 81.09 68.79 83.25 30.70 72.36 38.86 24.08 93.92 81.24 62.48 27.16 52.41 93.76 6.19 99.10 30.27 20.78 65.12 43.89 68.10 41.59 80.98 7.16 87.21 59.89 18.68 47.44 41.69 
73.00 68.87 81.71 31.37 91.64 33.93 30.50 0.77 9.65 86.93 88.52 67.62 61.03 95.88 22.23 92.79 82.54 32.77 44.08 28.51 65.59 73.09 31.24 62.12 16.99 73.31 78.28 95.32 39.06 28.75 67.59 84.29 52.66 81.51 84.86 59.11 58.10 46.33 33.45 58.64 64.61 11.20 86.65 68.00 95.71 99.51 87.58 100.00 36.32 16.48 
66.17 1.47 32.82 94.79 12.07 81.46 68.93 84.31 58.65 64.81 84.27 97.11 98.71 88.44 58.81 62.17 61.87 24.77 41.87 36.47 73.75 17.37 93.86 38.62 9.27 57.58 38.03 22.49 92.50 23.21 98.73 95.49 22.53 56.57 9.76 14.80 26.11 48.84 18.70 83.09 29.12 69.58 88.81 76.78 77.79 3.51 40.81 51.32 61.94 39.95 
0.77 65.51 68.64 80.86 54.01 40.09 46.44 6.24 9.18 48.56 87.18 24.67 89.13 59.91 61.99 33.65 26.63 25.90 96.58 50.58 68.52 41.62 4.38 43.66 28.41 81.65 86.90 76.66 98.97 39.55 89.28 45.75 33.56 94.07 61.99 40.19 11.08 54.47 63.23 51.16 94.23 45.87 86.11 1.84 22.39 80.38 46.15 58.63 18.74 96.75 
39.10 0.97 26.66 16.30 65.32 51.52 41.98 16.82 16.10 67.19 17.60 36.34 88.77 76.28 19.60 4.75 19.41 52.50 38.93 58.62 93.15 20.00 15.68 10.92 11.04 17.75 4.26 76.05 23.08 94.09 68.72 90.26 41.50 95.25 57.14 68.21 38.60 4.53 63.27 25.00 5.71 35.18 41.42 88.04 55.07 88.90 23.07 3.67 22.80 57.17 
25.14 35.60 61.18 25.65 81.18 43.68 50.42 35.95 85.97 17.35 67.40 13.00 19.66 53.24 18.50 17.47 84.32 5.92 58.28 44.90 10.83 39.04 77.09 45.92 48.15 55.60 17.61 1.22 26.89 69.21 60.58 44.91 51.54 88.47 60.78 75.30 3.08 41.77 79.81 88.83 76.27 47.48 27.93 51.28 8.47 95.02 0.98 84.77 69.00 55.16 
93.21 12.26 74.09 20.85 27.97 99.45 89.16 74.44 29.72 47.71 37.44 62.05 61.74 33.01 78.92 32.81 80.26 50.84 30.61 34.98 81.91 37.01 96.60 16.20 95.75 70.93 82.89 24.98 72.49 85.01 55.81 12.05 58.01 54.15 80.92 41.18 80.08 70.39 65.44 85.01 34.15 31.62 18.41 33.70 87.52 66.43 6.10 41.98 58.32 47.84 
66.65 93.39 47.72 7.44 49.18 71.31 45.66 2.36 25.67 52.01 84.75 25.59 21.71 62.84 48.99 33.76 32.61 61.96 62.43 10.10 78.33 80.41 28.67 92.11 75.87 24.01 71.20 82.21 44.86 23.26 86.98 5.28 3.81 34.69 7.11 24.23 61.06 77.50 26.17 88.71 53.01 95.80 73.45 7.15 21.40 94.61 97.36 96.46 81.11 49.74 
11.39 70.88 59.26 90.69 6.27 0.02 57.11 50.89 90.81 92.73 89.55 10.61 3.50 86.05 83.63 95.62 54.64 1.58 0.87 94.29 6.29 43.09 42.36 61.31 11.07 51.14 9.28 20.77 74.13 79.86 33.66 85.89 75.20 33.72 76.25 95.75 20.21 10.57 93.89 63.04 53.92 32.33 28.48 29.70 43.97 74.74 62.01 85.26 43.69 48.73 
6.20 91.42 23.72 90.04 10.34 59.67 66.87 70.48 33.41 51.71 37.67 73.70 50.32 48.46 47.39 95.76 6.42 25.62 37.64 85.98 91.59 11.56 34.33 60.33 29.74 3.93 14.10 60.49 93.17 67.44 96.80 44.99 68.41 87.10 10.42 40.28 58.38 9.26 28.93 95.78 35.20 99.57 61.99 96.62 63.51 50.39 72.43 89.46 9.85 17.09 